site,A_leaves,B_plants,C_algae,D_compost,E_soil,F_effluent,G_sewage,H_groundwater,round
JS-01,0.012,0.017,0.106,0.021,0.151,0.553,0.093,0.048,round01
JS-02,0.014,0.024,0.121,0.023,0.169,0.527,0.077,0.045,round01
JS-03,0.017,0.022,0.117,0.026,0.176,0.533,0.068,0.04,round01
JS-04,0.016,0.025,0.127,0.027,0.172,0.525,0.067,0.04,round01
JS-05,0.012,0.025,0.152,0.021,0.171,0.474,0.089,0.055,round01
JS-06,0.019,0.024,0.113,0.03,0.193,0.521,0.065,0.035,round01
JS-07,0.015,0.028,0.127,0.027,0.181,0.512,0.069,0.041,round01
JS-08,0.01,0.023,0.152,0.022,0.174,0.44,0.111,0.068,round01
JS-09,0.015,0.023,0.119,0.024,0.178,0.518,0.077,0.046,round01
JS-10,0.014,0.023,0.133,0.024,0.154,0.497,0.1,0.057,round01
JS-11,0.016,0.015,0.09,0.032,0.145,0.567,0.089,0.046,round01
JS-12,0.011,0.018,0.117,0.023,0.129,0.369,0.216,0.117,round01
JS-13,0.014,0.022,0.126,0.025,0.163,0.513,0.083,0.054,round01
JS-14,0.012,0.022,0.121,0.023,0.152,0.5,0.105,0.064,round01
JS-15,0.011,0.021,0.153,0.02,0.168,0.426,0.118,0.082,round01
JS-16,0.014,0.019,0.109,0.025,0.16,0.529,0.091,0.052,round01
JS-17,0.016,0.02,0.115,0.029,0.159,0.534,0.082,0.046,round01
JS-18,0.016,0.021,0.113,0.029,0.162,0.542,0.071,0.045,round01
JS-19,0.015,0.018,0.106,0.026,0.163,0.545,0.08,0.047,round01
JS-20,0.013,0.018,0.11,0.024,0.148,0.53,0.099,0.057,round01
JS-21,0.013,0.016,0.096,0.029,0.147,0.548,0.098,0.053,round01
JS-22,0.013,0.015,0.092,0.026,0.139,0.55,0.112,0.053,round01
JS-23,0.012,0.017,0.105,0.025,0.144,0.503,0.128,0.066,round01
JS-24,0.014,0.018,0.117,0.025,0.144,0.536,0.093,0.054,round01
JS-25,0.013,0.017,0.108,0.022,0.142,0.508,0.124,0.067,round01
JS-26,0.015,0.017,0.104,0.028,0.153,0.541,0.093,0.05,round01
JS-27,0.013,0.017,0.1,0.024,0.142,0.549,0.103,0.051,round01
JS-28,0.013,0.017,0.105,0.026,0.148,0.507,0.121,0.064,round01
JS-29,0.013,0.018,0.109,0.023,0.146,0.536,0.1,0.056,round01
JS-30,0.012,0.023,0.132,0.024,0.149,0.498,0.098,0.064,round01
JS-31,0.014,0.019,0.113,0.026,0.156,0.519,0.1,0.054,round01
JS-32,0.014,0.019,0.111,0.026,0.155,0.539,0.087,0.049,round01
JS-33,0.011,0.015,0.092,0.023,0.112,0.382,0.274,0.091,round01
JS-34,0.013,0.018,0.109,0.024,0.147,0.515,0.112,0.061,round01
JS-35,0.012,0.018,0.111,0.026,0.146,0.512,0.117,0.058,round01
JS-36,0.014,0.017,0.095,0.027,0.16,0.549,0.089,0.048,round01
JS-01,0.024,0.025,0.12,0.047,0.122,0.447,0.176,0.04,round02
JS-02,0.036,0.032,0.13,0.061,0.155,0.445,0.103,0.037,round02
JS-03,0.047,0.03,0.128,0.065,0.148,0.448,0.099,0.035,round02
JS-04,0.045,0.045,0.142,0.07,0.166,0.412,0.086,0.034,round02
JS-05,0.025,0.035,0.143,0.05,0.136,0.456,0.115,0.04,round02
JS-06,0.028,0.035,0.141,0.051,0.131,0.454,0.12,0.04,round02
JS-07,0.035,0.037,0.133,0.058,0.15,0.449,0.102,0.037,round02
JS-08,0.03,0.032,0.14,0.056,0.143,0.447,0.113,0.038,round02
JS-09,0.022,0.033,0.144,0.048,0.142,0.435,0.133,0.042,round02
JS-10,0.026,0.029,0.126,0.051,0.135,0.471,0.123,0.039,round02
JS-11,0.022,0.032,0.146,0.043,0.127,0.446,0.137,0.048,round02
JS-12,0.022,0.025,0.124,0.046,0.122,0.416,0.188,0.058,round02
JS-13,0.023,0.03,0.141,0.046,0.129,0.443,0.141,0.049,round02
JS-14,0.025,0.027,0.13,0.051,0.133,0.467,0.126,0.041,round02
JS-15,0.021,0.018,0.077,0.048,0.079,0.247,0.47,0.04,round02
JS-16,0.023,0.025,0.119,0.046,0.111,0.442,0.181,0.053,round02
JS-17,0.021,0.03,0.137,0.043,0.126,0.425,0.164,0.054,round02
JS-18,0.021,0.025,0.134,0.046,0.124,0.439,0.162,0.049,round02
JS-19,0.023,0.027,0.13,0.05,0.133,0.46,0.136,0.041,round02
JS-20,0.022,0.027,0.122,0.046,0.131,0.443,0.158,0.05,round02
JS-21,0.022,0.024,0.106,0.048,0.104,0.432,0.219,0.045,round02
JS-22,0.013,0.014,0.048,0.034,0.046,0.115,0.706,0.025,round02
JS-23,0.019,0.024,0.126,0.04,0.109,0.365,0.253,0.064,round02
JS-24,0.023,0.028,0.135,0.047,0.131,0.441,0.151,0.044,round02
JS-25,0.02,0.024,0.112,0.044,0.112,0.409,0.223,0.056,round02
JS-26,0.027,0.024,0.121,0.053,0.128,0.458,0.147,0.042,round02
JS-27,0.032,0.026,0.127,0.06,0.144,0.453,0.12,0.038,round02
JS-28,0.021,0.025,0.132,0.045,0.119,0.437,0.169,0.051,round02
JS-29,0.023,0.023,0.113,0.048,0.119,0.439,0.186,0.048,round02
JS-30,0.018,0.026,0.141,0.038,0.108,0.362,0.236,0.072,round02
JS-31,0.02,0.023,0.124,0.043,0.124,0.415,0.196,0.056,round02
JS-32,0.044,0.031,0.121,0.07,0.157,0.444,0.099,0.034,round02
JS-33,0.018,0.021,0.103,0.041,0.088,0.312,0.359,0.059,round02
JS-34,0.019,0.023,0.115,0.043,0.102,0.362,0.268,0.067,round02
JS-35,0.019,0.026,0.142,0.041,0.118,0.395,0.201,0.059,round02
JS-36,0.019,0.023,0.127,0.041,0.113,0.373,0.24,0.065,round02
JS-01,0.02,0.058,0.129,0.042,0.157,0.518,0.037,0.039,round03
JS-02,0.04,0.062,0.127,0.063,0.193,0.453,0.032,0.032,round03
JS-03,0.031,0.058,0.132,0.047,0.175,0.489,0.035,0.032,round03
JS-04,0.036,0.069,0.124,0.055,0.191,0.468,0.029,0.028,round03
JS-05,0.028,0.057,0.128,0.048,0.183,0.489,0.034,0.032,round03
JS-06,0.019,0.238,0.066,0.219,0.081,0.151,0.031,0.195,round03
JS-07,0.02,0.071,0.153,0.037,0.176,0.473,0.035,0.035,round03
JS-08,0.017,0.049,0.138,0.036,0.162,0.504,0.046,0.048,round03
JS-09,0.018,0.053,0.138,0.038,0.167,0.503,0.04,0.042,round03
JS-10,0.021,0.06,0.139,0.039,0.163,0.503,0.038,0.038,round03
JS-11,0.019,0.059,0.146,0.037,0.168,0.489,0.043,0.039,round03
JS-12,0.015,0.052,0.154,0.035,0.153,0.476,0.056,0.058,round03
JS-13,0.027,0.06,0.129,0.042,0.18,0.494,0.034,0.033,round03
JS-14,0.023,0.058,0.129,0.041,0.167,0.508,0.037,0.036,round03
JS-15,0.022,0.057,0.127,0.043,0.168,0.511,0.039,0.034,round03
JS-16,0.023,0.175,0.104,0.154,0.114,0.243,0.047,0.139,round03
JS-17,0.027,0.123,0.114,0.109,0.138,0.35,0.05,0.089,round03
JS-18,0.029,0.053,0.119,0.052,0.164,0.511,0.037,0.035,round03
JS-19,0.021,0.076,0.163,0.035,0.177,0.461,0.035,0.033,round03
JS-20,0.017,0.074,0.143,0.057,0.133,0.4,0.089,0.088,round03
JS-21,0.018,0.054,0.14,0.039,0.168,0.501,0.041,0.04,round03
JS-22,0.016,0.054,0.165,0.037,0.149,0.484,0.05,0.046,round03
JS-23,0.018,0.058,0.143,0.034,0.163,0.497,0.043,0.044,round03
JS-24,0.019,0.053,0.141,0.039,0.16,0.509,0.042,0.037,round03
JS-25,0.019,0.059,0.133,0.04,0.158,0.516,0.039,0.037,round03
JS-26,0.019,0.054,0.14,0.036,0.168,0.498,0.045,0.041,round03
JS-27,0.022,0.06,0.143,0.041,0.175,0.482,0.038,0.039,round03
JS-28,0.02,0.056,0.131,0.04,0.156,0.507,0.045,0.045,round03
JS-29,0.023,0.053,0.131,0.042,0.167,0.511,0.036,0.036,round03
JS-30,0.022,0.054,0.133,0.044,0.17,0.507,0.036,0.034,round03
JS-31,0.021,0.058,0.146,0.037,0.17,0.49,0.039,0.038,round03
JS-32,0.021,0.064,0.135,0.04,0.162,0.5,0.038,0.038,round03
JS-33,0.016,0.053,0.15,0.037,0.146,0.485,0.055,0.058,round03
JS-34,0.022,0.056,0.133,0.042,0.162,0.509,0.04,0.036,round03
JS-35,0.02,0.051,0.143,0.037,0.161,0.508,0.04,0.04,round03
JS-36,0.018,0.055,0.143,0.04,0.156,0.506,0.043,0.039,round03
JS-01,0.009,0.019,0.088,0.024,0.15,0.592,0.091,0.027,round04
JS-02,0.015,0.027,0.09,0.033,0.181,0.559,0.068,0.026,round04
JS-03,0.019,0.023,0.095,0.045,0.189,0.543,0.062,0.024,round04
JS-04,0.017,0.027,0.094,0.039,0.195,0.542,0.062,0.023,round04
JS-05,0.012,0.027,0.097,0.028,0.177,0.562,0.07,0.026,round04
JS-06,0.013,0.027,0.104,0.03,0.185,0.551,0.066,0.026,round04
JS-07,0.013,0.025,0.097,0.031,0.188,0.555,0.066,0.026,round04
JS-08,0.012,0.025,0.107,0.029,0.18,0.544,0.076,0.028,round04
JS-09,0.014,0.025,0.1,0.032,0.178,0.558,0.067,0.027,round04
JS-10,0.01,0.022,0.106,0.025,0.163,0.546,0.093,0.034,round04
JS-11,0.011,0.022,0.099,0.03,0.163,0.563,0.084,0.027,round04
JS-12,0.014,0.025,0.097,0.033,0.179,0.562,0.065,0.024,round04
JS-13,0.011,0.022,0.1,0.027,0.164,0.562,0.082,0.031,round04
JS-14,0.012,0.024,0.104,0.029,0.162,0.563,0.08,0.027,round04
JS-15,0.011,0.021,0.101,0.031,0.162,0.572,0.075,0.027,round04
JS-16,0.011,0.024,0.105,0.027,0.165,0.546,0.091,0.031,round04
JS-17,0.011,0.025,0.106,0.025,0.165,0.543,0.091,0.034,round04
JS-18,0.009,0.023,0.125,0.023,0.167,0.501,0.108,0.043,round04
JS-19,0.01,0.022,0.106,0.026,0.164,0.541,0.095,0.035,round04
JS-20,0.012,0.02,0.096,0.028,0.165,0.562,0.087,0.03,round04
JS-21,0.011,0.02,0.096,0.027,0.148,0.533,0.127,0.038,round04
JS-22,0.007,0.015,0.053,0.019,0.068,0.161,0.649,0.029,round04
JS-23,0.01,0.02,0.096,0.027,0.142,0.527,0.134,0.045,round04
JS-24,0.012,0.024,0.101,0.028,0.163,0.556,0.088,0.029,round04
JS-25,0.009,0.018,0.095,0.025,0.144,0.538,0.129,0.041,round04
JS-26,0.01,0.02,0.104,0.024,0.154,0.517,0.127,0.043,round04
JS-27,0.011,0.018,0.092,0.027,0.143,0.569,0.107,0.032,round04
JS-28,0.011,0.02,0.106,0.026,0.152,0.549,0.1,0.036,round04
JS-29,0.01,0.018,0.092,0.028,0.136,0.515,0.158,0.044,round04
JS-30,0.009,0.023,0.126,0.023,0.167,0.459,0.138,0.055,round04
JS-31,0.011,0.019,0.09,0.027,0.143,0.565,0.115,0.03,round04
JS-32,0.011,0.024,0.096,0.027,0.159,0.568,0.086,0.029,round04
JS-33,0.01,0.019,0.097,0.025,0.155,0.549,0.107,0.037,round04
JS-34,0.011,0.019,0.089,0.026,0.147,0.564,0.108,0.036,round04
JS-35,0.011,0.023,0.1,0.029,0.155,0.554,0.096,0.033,round04
JS-36,0.01,0.02,0.096,0.026,0.148,0.556,0.107,0.037,round04
JS-01,0.01,0.022,0.091,0.029,0.108,0.622,0.086,0.033,round05
JS-02,0.016,0.03,0.102,0.042,0.148,0.571,0.06,0.031,round05
JS-03,0.017,0.026,0.097,0.04,0.133,0.589,0.067,0.031,round05
JS-04,0.016,0.034,0.108,0.037,0.143,0.57,0.064,0.029,round05
JS-05,0.016,0.033,0.115,0.041,0.146,0.562,0.061,0.027,round05
JS-06,0.018,0.034,0.104,0.045,0.144,0.566,0.058,0.03,round05
JS-07,0.016,0.03,0.104,0.04,0.136,0.584,0.059,0.032,round05
JS-08,0.01,0.029,0.121,0.029,0.129,0.555,0.089,0.039,round05
JS-09,0.012,0.028,0.099,0.032,0.121,0.579,0.089,0.04,round05
JS-10,0.01,0.031,0.12,0.028,0.125,0.54,0.099,0.045,round05
JS-11,0.011,0.024,0.107,0.036,0.118,0.585,0.082,0.037,round05
JS-12,0.011,0.023,0.105,0.03,0.122,0.576,0.093,0.04,round05
JS-13,0.014,0.025,0.091,0.036,0.131,0.597,0.073,0.032,round05
JS-14,0.014,0.03,0.112,0.035,0.129,0.582,0.066,0.031,round05
JS-15,0.012,0.029,0.112,0.033,0.131,0.562,0.084,0.038,round05
JS-16,0.012,0.028,0.103,0.033,0.128,0.577,0.08,0.038,round05
JS-17,0.013,0.026,0.095,0.035,0.129,0.585,0.082,0.036,round05
JS-18,0.011,0.027,0.099,0.033,0.116,0.579,0.095,0.04,round05
JS-19,0.012,0.03,0.105,0.033,0.122,0.576,0.083,0.039,round05
JS-20,0.013,0.026,0.104,0.033,0.123,0.59,0.076,0.035,round05
JS-21,0.009,0.023,0.099,0.03,0.102,0.556,0.134,0.047,round05
JS-22,0.007,0.015,0.05,0.019,0.056,0.153,0.668,0.033,round05
JS-23,0.011,0.023,0.1,0.031,0.114,0.573,0.105,0.045,round05
JS-24,0.011,0.023,0.099,0.034,0.114,0.59,0.091,0.038,round05
JS-25,0.011,0.023,0.097,0.032,0.113,0.578,0.103,0.042,round05
JS-26,0.01,0.027,0.109,0.029,0.121,0.559,0.101,0.043,round05
JS-27,0.012,0.026,0.101,0.033,0.117,0.58,0.095,0.037,round05
JS-28,0.014,0.028,0.107,0.034,0.127,0.582,0.073,0.035,round05
JS-29,0.012,0.021,0.087,0.036,0.111,0.593,0.101,0.039,round05
JS-30,0.01,0.024,0.107,0.029,0.118,0.55,0.112,0.049,round05
JS-31,0.011,0.021,0.098,0.031,0.113,0.567,0.113,0.047,round05
JS-32,0.012,0.026,0.099,0.032,0.115,0.589,0.088,0.039,round05
JS-33,0.011,0.024,0.106,0.034,0.119,0.563,0.099,0.045,round05
JS-34,0.011,0.02,0.086,0.034,0.109,0.583,0.115,0.041,round05
JS-35,0.011,0.024,0.098,0.03,0.113,0.581,0.1,0.043,round05
JS-36,0.011,0.024,0.107,0.029,0.123,0.556,0.101,0.048,round05
JS-01,0.015,0.022,0.09,0.036,0.148,0.575,0.08,0.032,round06
JS-02,0.02,0.029,0.103,0.04,0.168,0.534,0.071,0.035,round06
JS-03,0.02,0.031,0.108,0.043,0.168,0.534,0.063,0.034,round06
JS-04,0.025,0.031,0.106,0.049,0.176,0.524,0.059,0.03,round06
JS-05,0.016,0.019,0.082,0.043,0.143,0.558,0.1,0.037,round06
JS-06,0.025,0.034,0.1,0.046,0.186,0.524,0.056,0.029,round06
JS-07,0.026,0.031,0.105,0.049,0.176,0.523,0.059,0.03,round06
JS-08,0.015,0.027,0.109,0.035,0.16,0.526,0.087,0.041,round06
JS-09,0.019,0.023,0.092,0.041,0.156,0.558,0.077,0.034,round06
JS-10,0.017,0.027,0.107,0.034,0.16,0.539,0.08,0.037,round06
JS-11,0.018,0.023,0.094,0.039,0.157,0.551,0.082,0.036,round06
JS-12,0.014,0.025,0.115,0.033,0.153,0.512,0.098,0.049,round06
JS-13,0.019,0.025,0.091,0.046,0.16,0.561,0.067,0.032,round06
JS-14,0.017,0.032,0.115,0.036,0.178,0.516,0.071,0.035,round06
JS-15,0.018,0.025,0.096,0.041,0.163,0.55,0.071,0.035,round06
JS-16,0.017,0.028,0.112,0.037,0.16,0.528,0.079,0.04,round06
JS-17,0.018,0.027,0.105,0.038,0.167,0.534,0.072,0.039,round06
JS-18,0.016,0.024,0.097,0.037,0.155,0.549,0.086,0.037,round06
JS-19,0.02,0.024,0.094,0.042,0.16,0.556,0.07,0.034,round06
JS-20,0.017,0.026,0.11,0.04,0.158,0.531,0.08,0.037,round06
JS-21,0.016,0.022,0.093,0.04,0.155,0.537,0.096,0.04,round06
JS-22,0.013,0.019,0.065,0.032,0.078,0.206,0.529,0.058,round06
JS-23,0.019,0.023,0.089,0.04,0.156,0.554,0.081,0.037,round06
JS-24,0.015,0.021,0.102,0.033,0.135,0.512,0.127,0.055,round06
JS-25,0.014,0.019,0.086,0.037,0.121,0.516,0.157,0.05,round06
JS-26,0.015,0.026,0.111,0.033,0.15,0.531,0.092,0.042,round06
JS-27,0.018,0.026,0.098,0.038,0.153,0.552,0.078,0.038,round06
JS-28,0.015,0.025,0.097,0.036,0.15,0.556,0.081,0.039,round06
JS-29,0.02,0.024,0.094,0.042,0.164,0.546,0.076,0.035,round06
JS-30,0.013,0.024,0.112,0.031,0.148,0.504,0.115,0.054,round06
JS-31,0.018,0.025,0.101,0.039,0.152,0.547,0.08,0.038,round06
JS-32,0.019,0.024,0.093,0.04,0.153,0.559,0.079,0.034,round06
JS-33,0.019,0.029,0.096,0.04,0.161,0.546,0.075,0.034,round06
JS-34,0.017,0.024,0.095,0.04,0.166,0.548,0.075,0.034,round06
JS-35,0.018,0.026,0.101,0.04,0.157,0.544,0.078,0.035,round06
JS-36,0.018,0.021,0.094,0.035,0.145,0.559,0.09,0.039,round06
JS-01,0.013,0.026,0.13,0.033,0.18,0.519,0.062,0.036,round07
JS-02,0.027,0.034,0.133,0.058,0.221,0.448,0.048,0.03,round07
JS-03,0.017,0.034,0.151,0.04,0.201,0.469,0.053,0.035,round07
JS-04,0.022,0.039,0.127,0.051,0.216,0.472,0.044,0.031,round07
JS-05,0.015,0.021,0.111,0.046,0.181,0.528,0.062,0.037,round07
JS-06,0.019,0.03,0.13,0.048,0.199,0.489,0.052,0.033,round07
JS-07,0.016,0.034,0.138,0.039,0.194,0.494,0.051,0.035,round07
JS-08,0.012,0.032,0.167,0.033,0.197,0.454,0.06,0.045,round07
JS-09,0.02,0.033,0.146,0.044,0.195,0.48,0.049,0.033,round07
JS-10,0.023,0.045,0.139,0.05,0.228,0.441,0.044,0.03,round07
JS-11,0.019,0.032,0.134,0.042,0.195,0.487,0.055,0.035,round07
JS-12,0.015,0.029,0.136,0.037,0.178,0.486,0.073,0.047,round07
JS-13,0.014,0.03,0.156,0.033,0.191,0.465,0.068,0.043,round07
JS-14,0.014,0.033,0.161,0.036,0.197,0.465,0.056,0.037,round07
JS-15,0.015,0.033,0.138,0.039,0.192,0.489,0.056,0.038,round07
JS-16,0.014,0.035,0.152,0.038,0.205,0.462,0.056,0.038,round07
JS-17,0.016,0.031,0.138,0.04,0.185,0.497,0.057,0.036,round07
JS-18,0.012,0.03,0.169,0.031,0.179,0.438,0.083,0.059,round07
JS-19,0.016,0.031,0.139,0.036,0.196,0.477,0.065,0.038,round07
JS-20,0.016,0.029,0.133,0.037,0.188,0.497,0.061,0.04,round07
JS-21,0.012,0.023,0.13,0.034,0.172,0.491,0.087,0.051,round07
JS-22,0.011,0.019,0.111,0.035,0.136,0.401,0.211,0.076,round07
JS-23,0.012,0.028,0.145,0.029,0.17,0.481,0.078,0.056,round07
JS-24,0.012,0.025,0.138,0.032,0.174,0.48,0.083,0.056,round07
JS-25,0.012,0.025,0.131,0.033,0.166,0.509,0.077,0.046,round07
JS-26,0.014,0.03,0.136,0.034,0.19,0.489,0.066,0.041,round07
JS-27,0.014,0.029,0.13,0.038,0.187,0.497,0.066,0.039,round07
JS-28,0.015,0.026,0.124,0.04,0.176,0.517,0.064,0.038,round07
JS-29,0.015,0.029,0.144,0.035,0.174,0.492,0.068,0.043,round07
JS-30,0.012,0.026,0.148,0.032,0.158,0.457,0.096,0.071,round07
JS-31,0.015,0.027,0.124,0.04,0.185,0.51,0.062,0.036,round07
JS-32,0.015,0.029,0.149,0.038,0.175,0.492,0.063,0.04,round07
JS-33,0.014,0.027,0.14,0.033,0.177,0.496,0.068,0.045,round07
JS-34,0.014,0.028,0.132,0.038,0.181,0.5,0.068,0.041,round07
JS-35,0.012,0.024,0.138,0.031,0.156,0.495,0.088,0.056,round07
JS-36,0.013,0.028,0.145,0.032,0.177,0.48,0.073,0.052,round07
JS-01,0.035,0.022,0.098,0.022,0.163,0.576,0.024,0.058,round08
JS-02,0.049,0.028,0.109,0.034,0.186,0.515,0.025,0.053,round08
JS-03,0.049,0.032,0.111,0.032,0.193,0.502,0.028,0.053,round08
JS-04,0.057,0.035,0.125,0.035,0.2,0.473,0.025,0.05,round08
JS-05,0.043,0.033,0.118,0.028,0.185,0.515,0.025,0.052,round08
JS-06,0.039,0.028,0.115,0.026,0.179,0.538,0.025,0.052,round08
JS-07,0.034,0.031,0.116,0.025,0.179,0.536,0.026,0.054,round08
JS-08,0.033,0.025,0.114,0.025,0.18,0.535,0.029,0.059,round08
JS-09,0.044,0.023,0.094,0.033,0.185,0.537,0.031,0.053,round08
JS-10,0.059,0.028,0.098,0.037,0.201,0.498,0.026,0.053,round08
JS-11,0.034,0.028,0.127,0.025,0.181,0.516,0.029,0.061,round08
JS-12,0.025,0.02,0.107,0.02,0.149,0.568,0.034,0.076,round08
JS-13,0.027,0.023,0.114,0.021,0.157,0.555,0.033,0.069,round08
JS-14,0.032,0.027,0.111,0.023,0.181,0.533,0.029,0.064,round08
JS-15,0.031,0.025,0.115,0.024,0.173,0.541,0.029,0.062,round08
JS-16,0.031,0.025,0.112,0.022,0.161,0.558,0.028,0.062,round08
JS-17,0.031,0.022,0.11,0.023,0.168,0.55,0.031,0.064,round08
JS-18,0.043,0.024,0.102,0.03,0.172,0.543,0.029,0.057,round08
JS-19,0.042,0.024,0.106,0.029,0.172,0.541,0.029,0.056,round08
JS-20,0.026,0.02,0.099,0.021,0.16,0.565,0.034,0.076,round08
JS-21,0.028,0.024,0.11,0.021,0.177,0.551,0.029,0.061,round08
JS-22,0.025,0.022,0.109,0.018,0.168,0.527,0.035,0.096,round08
JS-23,0.031,0.024,0.101,0.025,0.173,0.552,0.031,0.062,round08
JS-24,0.03,0.021,0.105,0.024,0.162,0.559,0.033,0.066,round08
JS-25,0.028,0.022,0.107,0.022,0.166,0.564,0.028,0.063,round08
JS-26,0.029,0.023,0.106,0.023,0.171,0.557,0.029,0.062,round08
JS-27,0.033,0.025,0.108,0.024,0.169,0.555,0.027,0.06,round08
JS-28,0.023,0.019,0.11,0.019,0.15,0.555,0.038,0.087,round08
JS-29,0.034,0.027,0.104,0.024,0.177,0.547,0.031,0.057,round08
JS-30,0.025,0.022,0.107,0.021,0.155,0.556,0.033,0.079,round08
JS-31,0.033,0.024,0.101,0.023,0.179,0.549,0.029,0.062,round08
JS-32,0.029,0.02,0.101,0.02,0.164,0.566,0.032,0.069,round08
JS-33,0.022,0.017,0.1,0.019,0.141,0.566,0.037,0.098,round08
JS-34,0.031,0.027,0.11,0.022,0.168,0.55,0.029,0.062,round08
JS-35,0.539,0.015,0.035,0.239,0.05,0.086,0.013,0.023,round08
JS-36,0.032,0.024,0.11,0.023,0.169,0.558,0.027,0.057,round08
JS-01,0.018,0.017,0.078,0.032,0.137,0.599,0.092,0.028,round09
JS-02,0.026,0.021,0.089,0.043,0.154,0.568,0.071,0.027,round09
JS-03,0.021,0.024,0.095,0.037,0.155,0.561,0.077,0.03,round09
JS-04,0.027,0.028,0.091,0.045,0.169,0.549,0.067,0.024,round09
JS-05,0.037,0.024,0.087,0.057,0.179,0.525,0.067,0.024,round09
JS-06,0.026,0.03,0.1,0.042,0.171,0.541,0.065,0.025,round09
JS-07,0.02,0.023,0.102,0.038,0.153,0.559,0.077,0.028,round09
JS-08,0.022,0.021,0.083,0.036,0.148,0.579,0.081,0.03,round09
JS-09,0.02,0.022,0.098,0.038,0.158,0.551,0.083,0.03,round09
JS-10,0.024,0.023,0.091,0.04,0.161,0.557,0.076,0.029,round09
JS-11,0.021,0.022,0.09,0.038,0.151,0.564,0.085,0.029,round09
JS-12,0.021,0.019,0.077,0.037,0.148,0.579,0.087,0.032,round09
JS-13,0.019,0.02,0.089,0.037,0.15,0.571,0.086,0.029,round09
JS-14,0.017,0.026,0.101,0.034,0.151,0.549,0.086,0.036,round09
JS-15,0.018,0.019,0.092,0.033,0.148,0.566,0.09,0.033,round09
JS-16,0.02,0.021,0.088,0.036,0.148,0.563,0.092,0.032,round09
JS-17,0.021,0.018,0.076,0.039,0.144,0.577,0.092,0.034,round09
JS-18,0.019,0.02,0.098,0.035,0.147,0.562,0.088,0.032,round09
JS-19,0.026,0.018,0.081,0.046,0.148,0.569,0.083,0.029,round09
JS-20,0.018,0.019,0.083,0.034,0.132,0.576,0.104,0.035,round09
JS-21,0.017,0.018,0.08,0.032,0.136,0.566,0.116,0.035,round09
JS-22,0.013,0.014,0.056,0.03,0.079,0.209,0.568,0.031,round09
JS-23,0.016,0.018,0.092,0.03,0.136,0.529,0.134,0.046,round09
JS-24,0.016,0.018,0.086,0.032,0.133,0.543,0.127,0.045,round09
JS-25,0.017,0.018,0.088,0.032,0.131,0.567,0.108,0.04,round09
JS-26,0.025,0.02,0.086,0.041,0.155,0.568,0.076,0.029,round09
JS-27,0.017,0.017,0.081,0.034,0.131,0.565,0.12,0.035,round09
JS-28,0.016,0.02,0.087,0.03,0.133,0.566,0.11,0.038,round09
JS-29,0.018,0.018,0.085,0.034,0.141,0.554,0.113,0.037,round09
JS-30,0.016,0.019,0.092,0.032,0.139,0.529,0.132,0.041,round09
JS-31,0.017,0.018,0.091,0.031,0.14,0.577,0.092,0.034,round09
JS-32,0.016,0.017,0.092,0.033,0.14,0.544,0.119,0.038,round09
JS-33,0.015,0.016,0.08,0.032,0.115,0.535,0.16,0.048,round09
JS-34,0.02,0.019,0.08,0.039,0.141,0.582,0.087,0.032,round09
JS-35,0.019,0.018,0.08,0.037,0.147,0.574,0.093,0.032,round09
JS-36,0.02,0.018,0.087,0.037,0.137,0.568,0.099,0.035,round09
JS-01,0.011,0.012,0.087,0.021,0.148,0.612,0.059,0.048,round10
JS-02,0.016,0.016,0.093,0.029,0.176,0.584,0.046,0.039,round10
JS-03,0.014,0.018,0.113,0.024,0.156,0.567,0.059,0.048,round10
JS-04,0.02,0.021,0.101,0.033,0.183,0.563,0.042,0.037,round10
JS-05,0.015,0.016,0.096,0.024,0.169,0.577,0.056,0.047,round10
JS-06,0.013,0.018,0.114,0.025,0.171,0.554,0.055,0.049,round10
JS-07,0.018,0.018,0.103,0.029,0.177,0.568,0.049,0.039,round10
JS-08,0.013,0.018,0.114,0.025,0.168,0.542,0.064,0.058,round10
JS-09,0.014,0.015,0.102,0.026,0.163,0.57,0.059,0.051,round10
JS-10,0.012,0.015,0.109,0.021,0.153,0.541,0.077,0.07,round10
JS-11,0.013,0.017,0.107,0.022,0.163,0.547,0.068,0.064,round10
JS-12,0.013,0.017,0.109,0.025,0.156,0.564,0.062,0.054,round10
JS-13,0.013,0.016,0.101,0.025,0.167,0.562,0.061,0.054,round10
JS-14,0.012,0.019,0.117,0.024,0.164,0.549,0.057,0.059,round10
JS-15,0.015,0.016,0.096,0.027,0.172,0.579,0.053,0.043,round10
JS-16,0.014,0.02,0.107,0.024,0.163,0.566,0.058,0.049,round10
JS-17,0.016,0.017,0.096,0.027,0.164,0.577,0.056,0.047,round10
JS-18,0.014,0.016,0.101,0.027,0.165,0.568,0.061,0.048,round10
JS-19,0.017,0.018,0.099,0.027,0.162,0.579,0.051,0.047,round10
JS-20,0.015,0.015,0.093,0.025,0.148,0.591,0.061,0.052,round10
JS-21,0.013,0.016,0.103,0.023,0.154,0.555,0.075,0.061,round10
JS-22,0.011,0.014,0.087,0.024,0.121,0.463,0.177,0.103,round10
JS-23,0.013,0.014,0.093,0.024,0.139,0.579,0.077,0.06,round10
JS-24,0.013,0.016,0.099,0.025,0.149,0.556,0.074,0.069,round10
JS-25,0.014,0.013,0.087,0.029,0.152,0.593,0.065,0.047,round10
JS-26,0.013,0.017,0.11,0.024,0.149,0.553,0.071,0.064,round10
JS-27,0.013,0.013,0.083,0.025,0.139,0.611,0.067,0.05,round10
JS-28,0.011,0.015,0.106,0.024,0.159,0.552,0.069,0.062,round10
JS-29,0.012,0.013,0.089,0.026,0.138,0.602,0.068,0.051,round10
JS-30,0.011,0.017,0.124,0.021,0.154,0.504,0.083,0.085,round10
JS-31,0.012,0.015,0.095,0.023,0.152,0.569,0.072,0.062,round10
JS-32,0.015,0.014,0.097,0.027,0.161,0.571,0.063,0.052,round10
JS-33,0.011,0.013,0.088,0.022,0.138,0.538,0.104,0.087,round10
JS-34,0.014,0.015,0.091,0.026,0.151,0.589,0.061,0.052,round10
JS-35,0.012,0.015,0.096,0.026,0.15,0.561,0.073,0.068,round10
JS-36,0.012,0.015,0.095,0.023,0.148,0.582,0.071,0.054,round10
JS-01,0.014,0.015,0.076,0.021,0.119,0.645,0.062,0.047,round11
JS-02,0.014,0.019,0.095,0.024,0.124,0.565,0.084,0.074,round11
JS-03,0.014,0.02,0.104,0.024,0.124,0.577,0.075,0.062,round11
JS-04,0.02,0.025,0.097,0.028,0.152,0.589,0.047,0.041,round11
JS-05,0.017,0.018,0.091,0.025,0.124,0.601,0.071,0.053,round11
JS-06,0.017,0.024,0.102,0.027,0.143,0.58,0.059,0.05,round11
JS-07,0.013,0.02,0.101,0.023,0.132,0.568,0.076,0.067,round11
JS-08,0.013,0.019,0.095,0.024,0.134,0.576,0.077,0.062,round11
JS-09,0.016,0.02,0.092,0.025,0.14,0.592,0.065,0.049,round11
JS-10,0.013,0.021,0.107,0.022,0.135,0.553,0.082,0.067,round11
JS-11,0.016,0.018,0.083,0.028,0.132,0.609,0.064,0.049,round11
JS-12,0.013,0.019,0.094,0.024,0.132,0.583,0.072,0.063,round11
JS-13,0.018,0.017,0.085,0.028,0.128,0.613,0.062,0.049,round11
JS-14,0.014,0.02,0.098,0.024,0.125,0.583,0.074,0.062,round11
JS-15,0.018,0.02,0.087,0.027,0.133,0.609,0.06,0.046,round11
JS-16,0.016,0.021,0.09,0.028,0.136,0.607,0.056,0.047,round11
JS-17,0.017,0.02,0.09,0.026,0.133,0.601,0.061,0.051,round11
JS-18,0.021,0.023,0.087,0.029,0.145,0.606,0.049,0.04,round11
JS-19,0.018,0.02,0.092,0.028,0.139,0.595,0.061,0.047,round11
JS-20,0.017,0.019,0.09,0.027,0.132,0.606,0.063,0.046,round11
JS-21,0.016,0.016,0.08,0.027,0.117,0.609,0.078,0.057,round11
JS-22,0.013,0.015,0.073,0.031,0.09,0.347,0.307,0.124,round11
JS-23,0.015,0.019,0.088,0.027,0.13,0.6,0.069,0.052,round11
JS-24,0.015,0.019,0.099,0.025,0.13,0.58,0.074,0.059,round11
JS-25,0.021,0.018,0.077,0.033,0.13,0.619,0.059,0.043,round11
JS-26,0.016,0.02,0.094,0.025,0.131,0.595,0.066,0.054,round11
JS-27,0.016,0.017,0.089,0.026,0.12,0.613,0.067,0.051,round11
JS-28,0.015,0.018,0.086,0.027,0.123,0.603,0.073,0.057,round11
JS-29,0.017,0.019,0.083,0.027,0.125,0.626,0.058,0.046,round11
JS-30,0.014,0.02,0.093,0.024,0.127,0.59,0.073,0.059,round11
JS-31,0.017,0.02,0.084,0.029,0.133,0.614,0.057,0.047,round11
JS-32,0.016,0.02,0.084,0.027,0.134,0.601,0.066,0.051,round11
JS-33,0.013,0.016,0.083,0.027,0.105,0.546,0.128,0.083,round11
JS-34,0.02,0.019,0.084,0.03,0.137,0.598,0.063,0.049,round11
JS-35,0.015,0.021,0.094,0.023,0.133,0.582,0.072,0.06,round11
JS-36,0.016,0.019,0.092,0.025,0.128,0.607,0.064,0.048,round11
JS-01,0.018,0.013,0.107,0.03,0.174,0.597,0.042,0.019,round12
JS-02,0.024,0.017,0.111,0.041,0.189,0.554,0.043,0.021,round12
JS-03,0.043,0.018,0.115,0.063,0.22,0.482,0.037,0.021,round12
JS-04,0.033,0.02,0.121,0.049,0.212,0.509,0.037,0.02,round12
JS-05,0.029,0.02,0.117,0.046,0.206,0.523,0.041,0.019,round12
JS-06,0.029,0.02,0.115,0.046,0.203,0.527,0.039,0.021,round12
JS-07,0.021,0.016,0.125,0.034,0.182,0.557,0.043,0.022,round12
JS-08,0.016,0.016,0.134,0.03,0.174,0.553,0.049,0.027,round12
JS-09,0.021,0.017,0.119,0.033,0.19,0.555,0.043,0.023,round12
JS-10,0.021,0.017,0.112,0.036,0.188,0.561,0.044,0.021,round12
JS-11,0.016,0.016,0.13,0.029,0.185,0.551,0.049,0.023,round12
JS-12,0.014,0.013,0.115,0.027,0.155,0.563,0.079,0.033,round12
JS-13,0.024,0.016,0.107,0.043,0.179,0.566,0.043,0.022,round12
JS-14,0.018,0.016,0.129,0.032,0.184,0.55,0.047,0.023,round12
JS-15,0.017,0.015,0.124,0.031,0.178,0.558,0.051,0.026,round12
JS-16,0.02,0.019,0.128,0.036,0.19,0.542,0.044,0.022,round12
JS-17,0.017,0.014,0.115,0.03,0.176,0.575,0.049,0.023,round12
JS-18,0.028,0.02,0.121,0.044,0.199,0.527,0.041,0.02,round12
JS-19,0.024,0.017,0.116,0.038,0.18,0.558,0.045,0.022,round12
JS-20,0.016,0.016,0.131,0.029,0.178,0.549,0.055,0.026,round12
JS-21,0.019,0.017,0.122,0.031,0.171,0.562,0.052,0.026,round12
JS-22,0.015,0.014,0.116,0.026,0.158,0.579,0.063,0.029,round12
JS-23,0.019,0.016,0.116,0.031,0.18,0.57,0.046,0.022,round12
JS-24,0.022,0.017,0.124,0.037,0.175,0.559,0.043,0.023,round12
JS-25,0.02,0.017,0.12,0.031,0.185,0.559,0.046,0.021,round12
JS-26,0.023,0.017,0.112,0.038,0.192,0.555,0.041,0.021,round12
JS-27,0.02,0.016,0.116,0.035,0.178,0.564,0.05,0.021,round12
JS-28,0.015,0.014,0.12,0.028,0.165,0.565,0.063,0.029,round12
JS-29,0.016,0.017,0.128,0.029,0.185,0.551,0.05,0.024,round12
JS-30,0.016,0.014,0.122,0.029,0.162,0.563,0.061,0.033,round12
JS-31,0.019,0.016,0.112,0.034,0.177,0.57,0.048,0.024,round12
JS-32,0.017,0.016,0.123,0.031,0.174,0.558,0.054,0.029,round12
JS-33,0.016,0.014,0.116,0.03,0.154,0.576,0.063,0.031,round12
JS-34,0.025,0.016,0.114,0.038,0.182,0.561,0.044,0.02,round12
JS-35,0.017,0.018,0.13,0.032,0.174,0.554,0.051,0.024,round12
JS-36,0.021,0.017,0.114,0.037,0.172,0.571,0.045,0.023,round12
JS-01,,,,,,,,,round13
JS-02,,,,,,,,,round13
JS-03,,,,,,,,,round13
JS-04,,,,,,,,,round13
JS-05,,,,,,,,,round13
JS-06,,,,,,,,,round13
JS-07,,,,,,,,,round13
JS-08,,,,,,,,,round13
JS-09,,,,,,,,,round13
JS-10,,,,,,,,,round13
JS-11,,,,,,,,,round13
JS-12,,,,,,,,,round13
JS-13,,,,,,,,,round13
JS-14,,,,,,,,,round13
JS-15,,,,,,,,,round13
JS-16,,,,,,,,,round13
JS-17,,,,,,,,,round13
JS-18,,,,,,,,,round13
JS-19,,,,,,,,,round13
JS-20,,,,,,,,,round13
JS-21,,,,,,,,,round13
JS-22,,,,,,,,,round13
JS-23,,,,,,,,,round13
JS-24,,,,,,,,,round13
JS-25,,,,,,,,,round13
JS-26,,,,,,,,,round13
JS-27,,,,,,,,,round13
JS-28,,,,,,,,,round13
JS-29,,,,,,,,,round13
JS-30,,,,,,,,,round13
JS-31,,,,,,,,,round13
JS-32,,,,,,,,,round13
JS-33,,,,,,,,,round13
JS-34,,,,,,,,,round13
JS-35,,,,,,,,,round13
JS-36,,,,,,,,,round13
JS-01,,,,,,,,,round14
JS-02,,,,,,,,,round14
JS-03,,,,,,,,,round14
JS-04,,,,,,,,,round14
JS-05,,,,,,,,,round14
JS-06,,,,,,,,,round14
JS-07,,,,,,,,,round14
JS-08,,,,,,,,,round14
JS-09,,,,,,,,,round14
JS-10,,,,,,,,,round14
JS-11,,,,,,,,,round14
JS-12,,,,,,,,,round14
JS-13,,,,,,,,,round14
JS-14,,,,,,,,,round14
JS-15,,,,,,,,,round14
JS-16,,,,,,,,,round14
JS-17,,,,,,,,,round14
JS-18,,,,,,,,,round14
JS-19,,,,,,,,,round14
JS-20,,,,,,,,,round14
JS-21,,,,,,,,,round14
JS-22,,,,,,,,,round14
JS-23,,,,,,,,,round14
JS-24,,,,,,,,,round14
JS-25,,,,,,,,,round14
JS-26,,,,,,,,,round14
JS-27,,,,,,,,,round14
JS-28,,,,,,,,,round14
JS-29,,,,,,,,,round14
JS-30,,,,,,,,,round14
JS-31,,,,,,,,,round14
JS-32,,,,,,,,,round14
JS-33,,,,,,,,,round14
JS-34,,,,,,,,,round14
JS-35,,,,,,,,,round14
JS-36,,,,,,,,,round14
