site,A_leaves,B_plants,C_algae,D_compost,E_soil,F_effluent,G_sewage,round
JS-01,0.006,0.016,0.142,0.016,0.104,0.611,0.106,round01
JS-02,0.007,0.024,0.176,0.02,0.123,0.556,0.093,round01
JS-03,0.008,0.022,0.158,0.023,0.123,0.588,0.078,round01
JS-04,0.009,0.026,0.163,0.023,0.129,0.569,0.081,round01
JS-05,0.006,0.024,0.194,0.017,0.12,0.526,0.112,round01
JS-06,0.011,0.022,0.15,0.024,0.13,0.593,0.069,round01
JS-07,0.007,0.025,0.171,0.02,0.134,0.565,0.078,round01
JS-08,0.006,0.021,0.226,0.016,0.118,0.472,0.141,round01
JS-09,0.008,0.022,0.165,0.02,0.126,0.567,0.092,round01
JS-10,0.006,0.021,0.171,0.019,0.122,0.543,0.117,round01
JS-11,0.009,0.015,0.121,0.028,0.11,0.616,0.102,round01
JS-12,0.005,0.018,0.153,0.017,0.096,0.437,0.273,round01
JS-13,0.007,0.022,0.164,0.02,0.127,0.553,0.108,round01
JS-14,0.007,0.02,0.17,0.018,0.108,0.55,0.128,round01
JS-15,0.006,0.021,0.22,0.018,0.113,0.46,0.162,round01
JS-16,0.007,0.019,0.144,0.022,0.112,0.593,0.103,round01
JS-17,0.007,0.019,0.149,0.021,0.112,0.599,0.093,round01
JS-18,0.008,0.02,0.147,0.021,0.122,0.598,0.083,round01
JS-19,0.009,0.02,0.146,0.023,0.116,0.594,0.091,round01
JS-20,0.007,0.018,0.158,0.019,0.11,0.561,0.127,round01
JS-21,0.008,0.017,0.131,0.021,0.098,0.607,0.119,round01
JS-22,0.007,0.017,0.128,0.023,0.105,0.586,0.134,round01
JS-23,0.007,0.016,0.136,0.02,0.097,0.573,0.151,round01
JS-24,0.008,0.018,0.149,0.021,0.107,0.582,0.115,round01
JS-25,0.007,0.018,0.151,0.019,0.103,0.55,0.153,round01
JS-26,0.008,0.018,0.134,0.021,0.113,0.599,0.108,round01
JS-27,0.007,0.016,0.141,0.02,0.101,0.6,0.115,round01
JS-28,0.007,0.016,0.141,0.02,0.101,0.57,0.146,round01
JS-29,0.006,0.018,0.146,0.02,0.108,0.58,0.121,round01
JS-30,0.006,0.02,0.177,0.018,0.11,0.546,0.123,round01
JS-31,0.007,0.018,0.157,0.021,0.112,0.572,0.112,round01
JS-32,0.007,0.018,0.146,0.021,0.111,0.595,0.102,round01
JS-33,0.006,0.015,0.133,0.018,0.09,0.42,0.318,round01
JS-34,0.007,0.017,0.153,0.019,0.104,0.571,0.129,round01
JS-35,0.006,0.017,0.144,0.019,0.098,0.581,0.134,round01
JS-36,0.007,0.017,0.133,0.022,0.102,0.614,0.104,round01
JS-01,0.012,0.012,0.09,0.034,0.146,0.52,0.187,round02
JS-02,0.02,0.017,0.1,0.052,0.179,0.524,0.107,round02
JS-03,0.024,0.017,0.095,0.06,0.195,0.508,0.1,round02
JS-04,0.024,0.025,0.111,0.06,0.203,0.491,0.086,round02
JS-05,0.013,0.017,0.113,0.04,0.175,0.522,0.12,round02
JS-06,0.014,0.019,0.115,0.038,0.163,0.529,0.123,round02
JS-07,0.018,0.02,0.109,0.048,0.184,0.517,0.105,round02
JS-08,0.017,0.016,0.106,0.043,0.178,0.522,0.117,round02
JS-09,0.012,0.018,0.106,0.035,0.172,0.512,0.145,round02
JS-10,0.014,0.017,0.108,0.039,0.173,0.516,0.133,round02
JS-11,0.01,0.017,0.115,0.034,0.171,0.503,0.148,round02
JS-12,0.01,0.015,0.106,0.033,0.147,0.472,0.216,round02
JS-13,0.011,0.016,0.111,0.035,0.165,0.508,0.154,round02
JS-14,0.014,0.015,0.102,0.04,0.171,0.523,0.135,round02
JS-15,0.011,0.01,0.067,0.036,0.101,0.288,0.486,round02
JS-16,0.011,0.014,0.101,0.036,0.142,0.501,0.195,round02
JS-17,0.01,0.016,0.115,0.032,0.16,0.486,0.18,round02
JS-18,0.011,0.015,0.104,0.033,0.155,0.498,0.185,round02
JS-19,0.013,0.016,0.101,0.037,0.172,0.516,0.146,round02
JS-20,0.011,0.014,0.102,0.035,0.153,0.515,0.17,round02
JS-21,0.013,0.013,0.09,0.039,0.131,0.484,0.23,round02
JS-22,0.007,0.008,0.043,0.02,0.058,0.132,0.733,round02
JS-23,0.009,0.014,0.104,0.032,0.139,0.42,0.281,round02
JS-24,0.012,0.015,0.111,0.037,0.158,0.51,0.158,round02
JS-25,0.011,0.013,0.095,0.033,0.134,0.463,0.251,round02
JS-26,0.015,0.014,0.094,0.042,0.164,0.513,0.157,round02
JS-27,0.016,0.013,0.091,0.05,0.175,0.532,0.122,round02
JS-28,0.012,0.015,0.102,0.036,0.148,0.502,0.185,round02
JS-29,0.013,0.013,0.101,0.038,0.144,0.492,0.199,round02
JS-30,0.009,0.014,0.113,0.031,0.147,0.404,0.283,round02
JS-31,0.011,0.013,0.097,0.034,0.141,0.48,0.224,round02
JS-32,0.025,0.017,0.096,0.059,0.193,0.51,0.1,round02
JS-33,0.011,0.012,0.091,0.033,0.116,0.348,0.389,round02
JS-34,0.01,0.014,0.101,0.032,0.127,0.417,0.299,round02
JS-35,0.011,0.014,0.118,0.032,0.153,0.447,0.225,round02
JS-36,0.01,0.014,0.1,0.033,0.138,0.439,0.267,round02
JS-01,0.013,0.038,0.071,0.041,0.169,0.516,0.153,round03
JS-02,0.027,0.045,0.069,0.067,0.217,0.487,0.087,round03
JS-03,0.021,0.047,0.079,0.053,0.205,0.5,0.095,round03
JS-04,0.028,0.055,0.079,0.063,0.225,0.463,0.086,round03
JS-05,0.019,0.049,0.082,0.052,0.194,0.508,0.096,round03
JS-06,0.005,0.011,0.018,0.047,0.029,0.05,0.84,round03
JS-07,0.016,0.055,0.092,0.04,0.196,0.489,0.112,round03
JS-08,0.012,0.039,0.083,0.037,0.165,0.511,0.152,round03
JS-09,0.014,0.045,0.088,0.037,0.172,0.516,0.127,round03
JS-10,0.015,0.047,0.086,0.042,0.179,0.515,0.117,round03
JS-11,0.015,0.045,0.09,0.039,0.182,0.509,0.121,round03
JS-12,0.011,0.035,0.085,0.035,0.159,0.474,0.2,round03
JS-13,0.019,0.044,0.08,0.052,0.193,0.508,0.105,round03
JS-14,0.017,0.043,0.077,0.044,0.178,0.527,0.114,round03
JS-15,0.016,0.042,0.079,0.044,0.184,0.522,0.113,round03
JS-16,0.012,0.023,0.039,0.056,0.067,0.129,0.674,round03
JS-17,0.021,0.032,0.057,0.074,0.124,0.254,0.438,round03
JS-18,0.02,0.037,0.075,0.057,0.179,0.523,0.109,round03
JS-19,0.016,0.061,0.093,0.042,0.202,0.473,0.113,round03
JS-20,0.013,0.033,0.069,0.044,0.145,0.36,0.335,round03
JS-21,0.015,0.042,0.085,0.043,0.176,0.516,0.124,round03
JS-22,0.012,0.037,0.082,0.036,0.168,0.506,0.159,round03
JS-23,0.013,0.044,0.085,0.037,0.182,0.506,0.133,round03
JS-24,0.014,0.042,0.083,0.042,0.173,0.518,0.127,round03
JS-25,0.014,0.043,0.087,0.042,0.17,0.521,0.123,round03
JS-26,0.013,0.038,0.089,0.039,0.185,0.499,0.138,round03
JS-27,0.016,0.045,0.079,0.043,0.183,0.523,0.111,round03
JS-28,0.013,0.037,0.081,0.037,0.168,0.523,0.141,round03
JS-29,0.018,0.044,0.081,0.046,0.18,0.523,0.108,round03
JS-30,0.016,0.043,0.084,0.046,0.181,0.512,0.118,round03
JS-31,0.015,0.047,0.088,0.04,0.174,0.515,0.121,round03
JS-32,0.014,0.045,0.084,0.044,0.178,0.528,0.108,round03
JS-33,0.012,0.034,0.083,0.036,0.159,0.475,0.201,round03
JS-34,0.017,0.042,0.079,0.048,0.178,0.527,0.11,round03
JS-35,0.014,0.041,0.085,0.039,0.169,0.526,0.127,round03
JS-36,0.014,0.04,0.083,0.04,0.176,0.52,0.127,round03
JS-01,0.013,0.019,0.104,0.017,0.076,0.659,0.112,round04
JS-02,0.021,0.028,0.116,0.026,0.105,0.621,0.083,round04
JS-03,0.029,0.027,0.1,0.031,0.103,0.632,0.079,round04
JS-04,0.026,0.028,0.116,0.028,0.109,0.617,0.075,round04
JS-05,0.018,0.028,0.125,0.024,0.103,0.616,0.086,round04
JS-06,0.019,0.031,0.118,0.024,0.103,0.621,0.083,round04
JS-07,0.019,0.027,0.116,0.024,0.095,0.64,0.079,round04
JS-08,0.017,0.025,0.121,0.021,0.093,0.633,0.09,round04
JS-09,0.019,0.029,0.115,0.026,0.094,0.632,0.086,round04
JS-10,0.013,0.021,0.124,0.02,0.084,0.623,0.115,round04
JS-11,0.017,0.024,0.115,0.02,0.09,0.63,0.105,round04
JS-12,0.023,0.027,0.119,0.025,0.101,0.623,0.083,round04
JS-13,0.015,0.022,0.112,0.022,0.087,0.641,0.1,round04
JS-14,0.015,0.025,0.117,0.021,0.084,0.641,0.097,round04
JS-15,0.016,0.024,0.117,0.021,0.088,0.642,0.092,round04
JS-16,0.015,0.025,0.128,0.02,0.09,0.615,0.106,round04
JS-17,0.014,0.026,0.127,0.021,0.092,0.607,0.112,round04
JS-18,0.012,0.022,0.143,0.018,0.088,0.574,0.144,round04
JS-19,0.014,0.024,0.125,0.019,0.091,0.612,0.115,round04
JS-20,0.015,0.022,0.113,0.02,0.088,0.634,0.109,round04
JS-21,0.014,0.021,0.107,0.02,0.081,0.609,0.148,round04
JS-22,0.01,0.014,0.056,0.017,0.041,0.184,0.677,round04
JS-23,0.012,0.02,0.117,0.019,0.083,0.592,0.157,round04
JS-24,0.016,0.025,0.12,0.021,0.091,0.626,0.102,round04
JS-25,0.014,0.019,0.109,0.019,0.077,0.602,0.161,round04
JS-26,0.013,0.022,0.124,0.019,0.082,0.582,0.158,round04
JS-27,0.016,0.02,0.101,0.021,0.078,0.638,0.127,round04
JS-28,0.014,0.022,0.127,0.018,0.084,0.609,0.126,round04
JS-29,0.013,0.021,0.109,0.02,0.08,0.557,0.199,round04
JS-30,0.011,0.023,0.151,0.017,0.088,0.518,0.192,round04
JS-31,0.014,0.02,0.099,0.022,0.086,0.617,0.142,round04
JS-32,0.015,0.024,0.111,0.02,0.084,0.644,0.101,round04
JS-33,0.013,0.022,0.115,0.019,0.079,0.616,0.137,round04
JS-34,0.015,0.02,0.101,0.021,0.076,0.633,0.134,round04
JS-35,0.015,0.025,0.123,0.02,0.093,0.603,0.122,round04
JS-36,0.014,0.021,0.111,0.02,0.084,0.62,0.129,round04
JS-01,0.009,0.018,0.111,0.019,0.142,0.602,0.098,round05
JS-02,0.016,0.026,0.123,0.027,0.179,0.557,0.072,round05
JS-03,0.014,0.023,0.116,0.027,0.164,0.579,0.076,round05
JS-04,0.014,0.026,0.131,0.026,0.171,0.557,0.073,round05
JS-05,0.015,0.03,0.133,0.025,0.177,0.548,0.072,round05
JS-06,0.017,0.028,0.124,0.028,0.186,0.551,0.065,round05
JS-07,0.015,0.024,0.122,0.024,0.169,0.576,0.07,round05
JS-08,0.009,0.023,0.142,0.018,0.165,0.543,0.099,round05
JS-09,0.012,0.022,0.129,0.022,0.145,0.573,0.098,round05
JS-10,0.01,0.023,0.136,0.019,0.162,0.536,0.114,round05
JS-11,0.01,0.02,0.116,0.023,0.163,0.575,0.094,round05
JS-12,0.01,0.02,0.12,0.021,0.137,0.584,0.108,round05
JS-13,0.012,0.021,0.119,0.025,0.161,0.583,0.079,round05
JS-14,0.013,0.025,0.121,0.026,0.165,0.57,0.079,round05
JS-15,0.011,0.023,0.135,0.023,0.158,0.552,0.099,round05
JS-16,0.011,0.024,0.123,0.025,0.158,0.567,0.093,round05
JS-17,0.012,0.021,0.116,0.024,0.151,0.584,0.093,round05
JS-18,0.01,0.021,0.121,0.022,0.143,0.577,0.107,round05
JS-19,0.01,0.023,0.126,0.022,0.161,0.561,0.097,round05
JS-20,0.011,0.023,0.124,0.025,0.156,0.574,0.087,round05
JS-21,0.01,0.02,0.126,0.021,0.138,0.524,0.162,round05
JS-22,0.007,0.013,0.055,0.013,0.065,0.156,0.691,round05
JS-23,0.01,0.019,0.116,0.02,0.14,0.57,0.126,round05
JS-24,0.01,0.02,0.116,0.022,0.145,0.58,0.107,round05
JS-25,0.011,0.019,0.108,0.021,0.138,0.588,0.116,round05
JS-26,0.009,0.02,0.126,0.019,0.149,0.558,0.118,round05
JS-27,0.011,0.021,0.116,0.022,0.144,0.582,0.105,round05
JS-28,0.012,0.025,0.122,0.024,0.165,0.565,0.087,round05
JS-29,0.011,0.018,0.103,0.023,0.142,0.584,0.12,round05
JS-30,0.008,0.019,0.125,0.02,0.145,0.55,0.132,round05
JS-31,0.01,0.022,0.111,0.022,0.139,0.561,0.137,round05
JS-32,0.011,0.023,0.121,0.022,0.148,0.578,0.098,round05
JS-33,0.009,0.02,0.127,0.019,0.145,0.566,0.113,round05
JS-34,0.01,0.016,0.103,0.022,0.136,0.586,0.128,round05
JS-35,0.01,0.019,0.127,0.021,0.134,0.574,0.115,round05
JS-36,0.01,0.019,0.131,0.021,0.142,0.546,0.132,round05
JS-01,0.011,0.021,0.091,0.031,0.143,0.618,0.085,round06
JS-02,0.014,0.027,0.101,0.038,0.164,0.576,0.08,round06
JS-03,0.015,0.029,0.112,0.039,0.168,0.567,0.069,round06
JS-04,0.019,0.031,0.108,0.04,0.182,0.558,0.063,round06
JS-05,0.013,0.019,0.085,0.035,0.134,0.605,0.108,round06
JS-06,0.02,0.035,0.114,0.044,0.181,0.545,0.063,round06
JS-07,0.021,0.029,0.103,0.04,0.178,0.563,0.065,round06
JS-08,0.011,0.026,0.111,0.03,0.153,0.572,0.097,round06
JS-09,0.014,0.021,0.094,0.037,0.149,0.605,0.08,round06
JS-10,0.012,0.026,0.115,0.032,0.157,0.57,0.088,round06
JS-11,0.013,0.021,0.1,0.035,0.154,0.591,0.085,round06
JS-12,0.01,0.024,0.117,0.028,0.153,0.56,0.107,round06
JS-13,0.016,0.024,0.101,0.038,0.167,0.577,0.077,round06
JS-14,0.013,0.031,0.115,0.032,0.17,0.563,0.075,round06
JS-15,0.015,0.025,0.104,0.036,0.157,0.585,0.079,round06
JS-16,0.012,0.027,0.118,0.032,0.163,0.566,0.082,round06
JS-17,0.013,0.025,0.108,0.03,0.161,0.581,0.082,round06
JS-18,0.013,0.022,0.108,0.034,0.142,0.584,0.097,round06
JS-19,0.015,0.024,0.095,0.038,0.159,0.594,0.075,round06
JS-20,0.012,0.024,0.116,0.035,0.162,0.569,0.083,round06
JS-21,0.013,0.021,0.094,0.033,0.137,0.602,0.099,round06
JS-22,0.009,0.017,0.074,0.024,0.087,0.219,0.57,round06
JS-23,0.013,0.022,0.097,0.034,0.154,0.594,0.086,round06
JS-24,0.01,0.02,0.098,0.027,0.136,0.572,0.136,round06
JS-25,0.011,0.017,0.087,0.036,0.128,0.537,0.183,round06
JS-26,0.01,0.024,0.122,0.027,0.156,0.565,0.096,round06
JS-27,0.013,0.023,0.1,0.034,0.145,0.601,0.084,round06
JS-28,0.013,0.022,0.112,0.032,0.15,0.578,0.094,round06
JS-29,0.015,0.023,0.102,0.036,0.158,0.587,0.08,round06
JS-30,0.01,0.024,0.13,0.027,0.137,0.545,0.129,round06
JS-31,0.013,0.023,0.1,0.035,0.156,0.587,0.085,round06
JS-32,0.014,0.024,0.1,0.037,0.153,0.591,0.082,round06
JS-33,0.014,0.026,0.108,0.035,0.165,0.574,0.078,round06
JS-34,0.014,0.023,0.104,0.038,0.159,0.581,0.082,round06
JS-35,0.013,0.025,0.106,0.033,0.156,0.583,0.083,round06
JS-36,0.012,0.021,0.096,0.033,0.141,0.604,0.094,round06
JS-01,0.006,0.015,0.13,0.023,0.176,0.593,0.056,round07
JS-02,0.012,0.021,0.129,0.042,0.241,0.513,0.042,round07
JS-03,0.008,0.023,0.159,0.027,0.205,0.527,0.051,round07
JS-04,0.011,0.024,0.137,0.041,0.238,0.503,0.045,round07
JS-05,0.008,0.014,0.116,0.034,0.185,0.579,0.065,round07
JS-06,0.009,0.018,0.137,0.029,0.208,0.549,0.049,round07
JS-07,0.008,0.021,0.149,0.03,0.204,0.536,0.053,round07
JS-08,0.006,0.02,0.177,0.024,0.193,0.519,0.061,round07
JS-09,0.009,0.021,0.14,0.03,0.209,0.544,0.047,round07
JS-10,0.012,0.029,0.143,0.037,0.232,0.504,0.043,round07
JS-11,0.009,0.019,0.139,0.03,0.205,0.546,0.051,round07
JS-12,0.007,0.017,0.141,0.026,0.186,0.556,0.067,round07
JS-13,0.006,0.018,0.152,0.024,0.183,0.553,0.064,round07
JS-14,0.007,0.021,0.165,0.028,0.202,0.519,0.057,round07
JS-15,0.007,0.019,0.151,0.026,0.201,0.539,0.058,round07
JS-16,0.008,0.021,0.158,0.026,0.206,0.525,0.056,round07
JS-17,0.007,0.019,0.154,0.027,0.195,0.542,0.056,round07
JS-18,0.006,0.017,0.174,0.022,0.177,0.526,0.079,round07
JS-19,0.007,0.02,0.159,0.027,0.194,0.534,0.058,round07
JS-20,0.007,0.018,0.136,0.028,0.185,0.563,0.063,round07
JS-21,0.006,0.016,0.136,0.027,0.166,0.56,0.089,round07
JS-22,0.006,0.014,0.129,0.029,0.134,0.458,0.23,round07
JS-23,0.006,0.016,0.151,0.023,0.168,0.555,0.082,round07
JS-24,0.006,0.016,0.146,0.024,0.17,0.558,0.081,round07
JS-25,0.006,0.016,0.143,0.024,0.171,0.565,0.075,round07
JS-26,0.007,0.019,0.15,0.025,0.181,0.551,0.067,round07
JS-27,0.007,0.017,0.141,0.029,0.178,0.564,0.064,round07
JS-28,0.007,0.015,0.136,0.028,0.185,0.564,0.064,round07
JS-29,0.007,0.017,0.143,0.025,0.187,0.555,0.065,round07
JS-30,0.005,0.016,0.148,0.022,0.169,0.535,0.104,round07
JS-31,0.007,0.017,0.136,0.03,0.194,0.553,0.062,round07
JS-32,0.007,0.018,0.146,0.025,0.187,0.556,0.06,round07
JS-33,0.006,0.017,0.143,0.026,0.183,0.558,0.066,round07
JS-34,0.007,0.016,0.131,0.026,0.181,0.574,0.065,round07
JS-35,0.006,0.015,0.146,0.023,0.158,0.567,0.086,round07
JS-36,0.006,0.017,0.149,0.024,0.177,0.552,0.074,round07
JS-01,0.009,0.032,0.098,0.023,0.162,0.623,0.054,round08
JS-02,0.016,0.044,0.11,0.034,0.197,0.544,0.055,round08
JS-03,0.015,0.045,0.122,0.035,0.197,0.53,0.055,round08
JS-04,0.017,0.053,0.116,0.036,0.207,0.522,0.049,round08
JS-05,0.013,0.042,0.122,0.029,0.19,0.553,0.049,round08
JS-06,0.013,0.038,0.108,0.031,0.19,0.565,0.055,round08
JS-07,0.013,0.036,0.119,0.028,0.193,0.558,0.054,round08
JS-08,0.011,0.033,0.114,0.028,0.171,0.586,0.056,round08
JS-09,0.013,0.036,0.106,0.035,0.182,0.572,0.056,round08
JS-10,0.019,0.047,0.106,0.041,0.207,0.525,0.056,round08
JS-11,0.011,0.035,0.114,0.025,0.191,0.572,0.052,round08
JS-12,0.009,0.024,0.108,0.023,0.16,0.608,0.069,round08
JS-13,0.009,0.027,0.114,0.024,0.171,0.593,0.062,round08
JS-14,0.01,0.032,0.116,0.026,0.175,0.589,0.053,round08
JS-15,0.01,0.03,0.105,0.025,0.185,0.588,0.057,round08
JS-16,0.01,0.031,0.108,0.025,0.179,0.59,0.058,round08
JS-17,0.009,0.029,0.105,0.026,0.169,0.603,0.059,round08
JS-18,0.014,0.034,0.103,0.034,0.181,0.577,0.057,round08
JS-19,0.013,0.036,0.105,0.033,0.193,0.563,0.057,round08
JS-20,0.008,0.022,0.097,0.024,0.162,0.624,0.063,round08
JS-21,0.01,0.03,0.112,0.022,0.179,0.59,0.056,round08
JS-22,0.008,0.024,0.118,0.022,0.165,0.593,0.07,round08
JS-23,0.012,0.029,0.109,0.027,0.171,0.59,0.061,round08
JS-24,0.011,0.027,0.099,0.028,0.169,0.601,0.065,round08
JS-25,0.01,0.028,0.11,0.026,0.172,0.596,0.059,round08
JS-26,0.01,0.028,0.105,0.026,0.165,0.606,0.06,round08
JS-27,0.012,0.03,0.107,0.028,0.176,0.593,0.053,round08
JS-28,0.008,0.024,0.109,0.022,0.154,0.607,0.076,round08
JS-29,0.012,0.033,0.116,0.028,0.176,0.579,0.056,round08
JS-30,0.009,0.026,0.105,0.023,0.157,0.612,0.068,round08
JS-31,0.011,0.032,0.104,0.027,0.177,0.593,0.056,round08
JS-32,0.009,0.026,0.104,0.025,0.16,0.611,0.065,round08
JS-33,0.008,0.022,0.093,0.02,0.139,0.638,0.079,round08
JS-34,0.01,0.03,0.115,0.025,0.167,0.598,0.056,round08
JS-35,0.007,0.526,0.031,0.012,0.043,0.076,0.303,round08
JS-36,0.011,0.032,0.111,0.026,0.17,0.594,0.056,round08
JS-01,0.008,0.014,0.084,0.039,0.132,0.631,0.092,round09
JS-02,0.013,0.02,0.095,0.052,0.169,0.577,0.074,round09
JS-03,0.01,0.02,0.1,0.041,0.161,0.589,0.078,round09
JS-04,0.013,0.022,0.101,0.051,0.172,0.578,0.063,round09
JS-05,0.017,0.021,0.093,0.068,0.183,0.556,0.062,round09
JS-06,0.012,0.027,0.106,0.048,0.178,0.562,0.066,round09
JS-07,0.011,0.019,0.104,0.042,0.158,0.585,0.08,round09
JS-08,0.011,0.018,0.101,0.045,0.146,0.596,0.084,round09
JS-09,0.009,0.021,0.103,0.043,0.155,0.582,0.086,round09
JS-10,0.011,0.021,0.11,0.049,0.162,0.57,0.076,round09
JS-11,0.012,0.018,0.094,0.043,0.151,0.598,0.084,round09
JS-12,0.011,0.018,0.09,0.044,0.137,0.612,0.088,round09
JS-13,0.011,0.017,0.099,0.042,0.144,0.598,0.09,round09
JS-14,0.009,0.021,0.115,0.039,0.153,0.569,0.094,round09
JS-15,0.009,0.017,0.105,0.039,0.139,0.592,0.099,round09
JS-16,0.01,0.017,0.101,0.042,0.151,0.585,0.095,round09
JS-17,0.009,0.014,0.083,0.047,0.126,0.632,0.089,round09
JS-18,0.009,0.018,0.102,0.042,0.147,0.592,0.089,round09
JS-19,0.011,0.016,0.085,0.053,0.146,0.611,0.078,round09
JS-20,0.009,0.017,0.103,0.041,0.141,0.583,0.107,round09
JS-21,0.009,0.016,0.096,0.041,0.131,0.595,0.112,round09
JS-22,0.008,0.014,0.063,0.039,0.083,0.224,0.57,round09
JS-23,0.008,0.017,0.1,0.038,0.134,0.557,0.146,round09
JS-24,0.008,0.016,0.106,0.037,0.133,0.566,0.134,round09
JS-25,0.009,0.016,0.101,0.039,0.141,0.576,0.118,round09
JS-26,0.011,0.017,0.09,0.048,0.161,0.596,0.076,round09
JS-27,0.009,0.014,0.095,0.041,0.13,0.597,0.114,round09
JS-28,0.009,0.016,0.108,0.038,0.134,0.579,0.116,round09
JS-29,0.009,0.017,0.093,0.041,0.135,0.588,0.116,round09
JS-30,0.008,0.015,0.105,0.037,0.137,0.561,0.137,round09
JS-31,0.008,0.016,0.098,0.039,0.141,0.599,0.099,round09
JS-32,0.009,0.017,0.092,0.04,0.125,0.593,0.125,round09
JS-33,0.009,0.016,0.092,0.041,0.122,0.534,0.186,round09
JS-34,0.011,0.016,0.088,0.048,0.134,0.612,0.091,round09
JS-35,0.01,0.017,0.092,0.042,0.135,0.602,0.102,round09
JS-36,0.01,0.015,0.086,0.046,0.141,0.605,0.097,round09
JS-01,0.005,0.01,0.115,0.022,0.123,0.652,0.072,round10
JS-02,0.009,0.014,0.124,0.03,0.152,0.615,0.055,round10
JS-03,0.006,0.014,0.134,0.026,0.142,0.61,0.068,round10
JS-04,0.011,0.017,0.124,0.033,0.165,0.599,0.051,round10
JS-05,0.007,0.013,0.126,0.029,0.146,0.607,0.071,round10
JS-06,0.006,0.015,0.155,0.027,0.143,0.592,0.062,round10
JS-07,0.009,0.016,0.122,0.031,0.156,0.611,0.056,round10
JS-08,0.006,0.014,0.132,0.024,0.136,0.614,0.073,round10
JS-09,0.007,0.013,0.122,0.026,0.134,0.629,0.069,round10
JS-10,0.006,0.013,0.143,0.024,0.131,0.584,0.1,round10
JS-11,0.006,0.014,0.152,0.025,0.135,0.577,0.092,round10
JS-12,0.007,0.013,0.136,0.026,0.136,0.603,0.08,round10
JS-13,0.006,0.014,0.135,0.026,0.145,0.595,0.078,round10
JS-14,0.006,0.014,0.138,0.026,0.143,0.599,0.074,round10
JS-15,0.007,0.013,0.131,0.03,0.145,0.611,0.062,round10
JS-16,0.007,0.017,0.142,0.027,0.158,0.578,0.072,round10
JS-17,0.007,0.013,0.129,0.027,0.144,0.614,0.065,round10
JS-18,0.007,0.013,0.12,0.028,0.143,0.618,0.071,round10
JS-19,0.008,0.015,0.127,0.029,0.15,0.609,0.062,round10
JS-20,0.006,0.012,0.112,0.03,0.132,0.632,0.076,round10
JS-21,0.006,0.012,0.131,0.026,0.127,0.612,0.087,round10
JS-22,0.006,0.012,0.117,0.025,0.11,0.494,0.236,round10
JS-23,0.005,0.013,0.122,0.028,0.129,0.611,0.093,round10
JS-24,0.006,0.013,0.131,0.023,0.133,0.602,0.093,round10
JS-25,0.007,0.01,0.11,0.029,0.133,0.634,0.078,round10
JS-26,0.006,0.012,0.136,0.024,0.135,0.592,0.095,round10
JS-27,0.006,0.011,0.109,0.029,0.123,0.637,0.086,round10
JS-28,0.006,0.013,0.14,0.025,0.134,0.591,0.09,round10
JS-29,0.006,0.01,0.111,0.027,0.128,0.632,0.085,round10
JS-30,0.006,0.013,0.168,0.022,0.141,0.539,0.112,round10
JS-31,0.006,0.012,0.134,0.023,0.123,0.602,0.099,round10
JS-32,0.007,0.012,0.122,0.029,0.133,0.622,0.075,round10
JS-33,0.006,0.01,0.124,0.023,0.126,0.57,0.14,round10
JS-34,0.007,0.014,0.122,0.027,0.135,0.62,0.074,round10
JS-35,0.005,0.011,0.129,0.023,0.124,0.614,0.093,round10
JS-36,0.006,0.011,0.119,0.024,0.131,0.623,0.085,round10
JS-01,0.007,0.012,0.108,0.014,0.098,0.681,0.079,round11
JS-02,0.009,0.016,0.135,0.016,0.112,0.6,0.113,round11
JS-03,0.009,0.015,0.13,0.015,0.107,0.626,0.097,round11
JS-04,0.013,0.022,0.138,0.021,0.14,0.605,0.062,round11
JS-05,0.009,0.015,0.125,0.019,0.107,0.64,0.086,round11
JS-06,0.011,0.018,0.136,0.02,0.126,0.612,0.076,round11
JS-07,0.008,0.017,0.148,0.017,0.118,0.584,0.109,round11
JS-08,0.008,0.015,0.133,0.016,0.106,0.62,0.101,round11
JS-09,0.01,0.017,0.126,0.018,0.114,0.64,0.076,round11
JS-10,0.008,0.015,0.151,0.015,0.116,0.595,0.1,round11
JS-11,0.01,0.015,0.117,0.019,0.116,0.639,0.083,round11
JS-12,0.008,0.015,0.133,0.018,0.108,0.615,0.102,round11
JS-13,0.01,0.014,0.113,0.02,0.112,0.652,0.079,round11
JS-14,0.008,0.015,0.141,0.018,0.116,0.602,0.1,round11
JS-15,0.01,0.015,0.118,0.02,0.12,0.645,0.071,round11
JS-16,0.011,0.017,0.116,0.018,0.122,0.642,0.074,round11
JS-17,0.01,0.017,0.121,0.018,0.113,0.643,0.077,round11
JS-18,0.013,0.018,0.125,0.024,0.127,0.63,0.063,round11
JS-19,0.011,0.016,0.119,0.018,0.121,0.644,0.071,round11
JS-20,0.011,0.016,0.119,0.019,0.126,0.631,0.078,round11
JS-21,0.01,0.014,0.113,0.018,0.102,0.638,0.105,round11
JS-22,0.009,0.015,0.107,0.02,0.086,0.371,0.393,round11
JS-23,0.01,0.015,0.119,0.018,0.113,0.632,0.092,round11
JS-24,0.009,0.017,0.133,0.016,0.11,0.622,0.093,round11
JS-25,0.012,0.015,0.106,0.022,0.111,0.664,0.069,round11
JS-26,0.009,0.016,0.126,0.019,0.125,0.621,0.084,round11
JS-27,0.01,0.013,0.107,0.019,0.106,0.657,0.088,round11
JS-28,0.01,0.015,0.123,0.018,0.111,0.627,0.098,round11
JS-29,0.011,0.016,0.113,0.019,0.117,0.651,0.073,round11
JS-30,0.01,0.017,0.131,0.016,0.11,0.618,0.099,round11
JS-31,0.011,0.016,0.127,0.02,0.117,0.636,0.073,round11
JS-32,0.01,0.016,0.122,0.019,0.114,0.64,0.078,round11
JS-33,0.008,0.014,0.106,0.018,0.101,0.588,0.166,round11
JS-34,0.011,0.016,0.117,0.02,0.119,0.645,0.072,round11
JS-35,0.008,0.015,0.139,0.018,0.11,0.619,0.09,round11
JS-36,0.009,0.015,0.118,0.018,0.11,0.646,0.082,round11
JS-01,0.013,0.012,0.109,0.025,0.161,0.644,0.037,round12
JS-02,0.019,0.014,0.118,0.034,0.182,0.593,0.04,round12
JS-03,0.034,0.018,0.118,0.053,0.211,0.532,0.034,round12
JS-04,0.026,0.02,0.125,0.041,0.203,0.548,0.035,round12
JS-05,0.025,0.016,0.117,0.038,0.208,0.558,0.038,round12
JS-06,0.023,0.018,0.124,0.037,0.196,0.568,0.035,round12
JS-07,0.015,0.016,0.133,0.028,0.182,0.585,0.041,round12
JS-08,0.013,0.015,0.135,0.025,0.168,0.596,0.047,round12
JS-09,0.017,0.015,0.129,0.028,0.18,0.59,0.041,round12
JS-10,0.017,0.015,0.119,0.029,0.181,0.595,0.043,round12
JS-11,0.012,0.016,0.138,0.025,0.166,0.598,0.045,round12
JS-12,0.011,0.012,0.12,0.024,0.141,0.621,0.072,round12
JS-13,0.018,0.014,0.11,0.036,0.184,0.598,0.04,round12
JS-14,0.013,0.016,0.132,0.025,0.177,0.595,0.043,round12
JS-15,0.013,0.016,0.126,0.026,0.168,0.604,0.047,round12
JS-16,0.015,0.015,0.126,0.028,0.186,0.591,0.038,round12
JS-17,0.014,0.014,0.121,0.029,0.17,0.608,0.045,round12
JS-18,0.021,0.017,0.122,0.038,0.196,0.57,0.036,round12
JS-19,0.018,0.015,0.118,0.031,0.182,0.599,0.037,round12
JS-20,0.013,0.014,0.126,0.025,0.17,0.598,0.053,round12
JS-21,0.013,0.014,0.124,0.028,0.168,0.607,0.046,round12
JS-22,0.011,0.012,0.119,0.024,0.146,0.631,0.057,round12
JS-23,0.014,0.016,0.123,0.029,0.163,0.613,0.042,round12
JS-24,0.016,0.014,0.127,0.031,0.182,0.59,0.04,round12
JS-25,0.017,0.015,0.13,0.027,0.164,0.603,0.044,round12
JS-26,0.018,0.016,0.117,0.033,0.182,0.595,0.04,round12
JS-27,0.015,0.014,0.118,0.03,0.169,0.613,0.042,round12
JS-28,0.013,0.012,0.124,0.024,0.151,0.614,0.062,round12
JS-29,0.013,0.014,0.141,0.025,0.164,0.598,0.045,round12
JS-30,0.011,0.012,0.122,0.023,0.144,0.631,0.057,round12
JS-31,0.015,0.014,0.12,0.029,0.171,0.607,0.045,round12
JS-32,0.013,0.014,0.137,0.025,0.162,0.599,0.049,round12
JS-33,0.011,0.011,0.119,0.026,0.146,0.63,0.057,round12
JS-34,0.02,0.015,0.119,0.036,0.181,0.588,0.041,round12
JS-35,0.014,0.015,0.134,0.026,0.173,0.593,0.045,round12
JS-36,0.017,0.014,0.123,0.032,0.171,0.6,0.043,round12
