site,A_manure,B_fertilizer,C_soil,D_sewage,E_precipitation,round
JS-01,0.042,0.394,0.414,0.119,0.031,round01
JS-02,0.048,0.34,0.47,0.108,0.034,round01
JS-03,0.044,0.375,0.438,0.116,0.027,round01
JS-04,0.042,0.395,0.433,0.096,0.034,round01
JS-05,0.044,0.36,0.451,0.116,0.028,round01
JS-06,0.048,0.367,0.431,0.129,0.026,round01
JS-07,0.048,0.363,0.438,0.124,0.026,round01
JS-08,0.076,0.108,0.298,0.5,0.019,round01
JS-09,0.119,0.117,0.585,0.136,0.043,round01
JS-10,0.062,0.336,0.423,0.156,0.023,round01
JS-11,0.091,0.108,0.539,0.189,0.072,round01
JS-12,0.048,0.368,0.398,0.162,0.023,round01
JS-13,0.114,0.141,0.533,0.185,0.027,round01
JS-14,0.069,0.285,0.482,0.138,0.026,round01
JS-15,0.078,0.127,0.569,0.197,0.029,round01
JS-16,0.094,0.255,0.434,0.193,0.023,round01
JS-17,0.093,0.104,0.604,0.164,0.035,round01
JS-18,0.052,0.347,0.455,0.12,0.025,round01
JS-19,0.101,0.167,0.545,0.16,0.026,round01
JS-20,0.106,0.149,0.543,0.175,0.026,round01
JS-21,0.099,0.119,0.591,0.16,0.031,round01
JS-22,0.06,0.332,0.412,0.175,0.022,round01
JS-23,0.068,0.077,0.514,0.143,0.198,round01
JS-24,0.073,0.174,0.584,0.141,0.029,round01
JS-25,0.063,0.096,0.674,0.134,0.033,round01
JS-26,0.098,0.231,0.462,0.184,0.025,round01
JS-27,0.06,0.117,0.658,0.114,0.051,round01
JS-28,0.094,0.159,0.558,0.161,0.028,round01
JS-29,0.063,0.165,0.613,0.126,0.033,round01
JS-30,0.087,0.246,0.424,0.221,0.022,round01
JS-31,0.084,0.101,0.647,0.125,0.043,round01
JS-32,0.133,0.147,0.453,0.235,0.031,round01
JS-33,0.105,0.171,0.437,0.263,0.024,round01
JS-34,0.065,0.111,0.666,0.127,0.032,round01
JS-35,0.142,0.067,0.319,0.405,0.068,round01
JS-36,0.087,0.115,0.61,0.146,0.041,round01
JS-01,0.047,0.13,0.534,0.168,0.12,round02
JS-02,0.044,0.113,0.614,0.163,0.067,round02
JS-03,0.046,0.116,0.604,0.164,0.07,round02
JS-04,0.046,0.185,0.41,0.164,0.195,round02
JS-05,0.049,0.118,0.577,0.162,0.094,round02
JS-06,0.058,0.098,0.591,0.18,0.074,round02
JS-07,0.053,0.127,0.569,0.162,0.089,round02
JS-08,0.077,0.21,0.293,0.187,0.232,round02
JS-09,0.12,0.128,0.361,0.179,0.212,round02
JS-10,0.059,0.121,0.444,0.217,0.16,round02
JS-11,0.152,0.163,0.194,0.271,0.221,round02
JS-12,0.055,0.131,0.478,0.202,0.134,round02
JS-13,0.106,0.204,0.262,0.193,0.236,round02
JS-14,0.081,0.071,0.568,0.182,0.098,round02
JS-15,0.068,0.239,0.237,0.183,0.273,round02
JS-16,0.067,0.095,0.224,0.326,0.287,round02
JS-17,0.088,0.234,0.217,0.19,0.272,round02
JS-18,0.05,0.117,0.545,0.18,0.108,round02
JS-19,0.1,0.174,0.236,0.237,0.254,round02
JS-20,0.08,0.15,0.36,0.221,0.189,round02
JS-21,0.084,0.179,0.275,0.209,0.252,round02
JS-22,0.084,0.058,0.156,0.431,0.272,round02
JS-23,0.053,0.287,0.206,0.157,0.297,round02
JS-24,0.052,0.277,0.24,0.156,0.275,round02
JS-25,0.069,0.251,0.264,0.171,0.246,round02
JS-26,0.094,0.181,0.355,0.178,0.192,round02
JS-27,0.052,0.299,0.186,0.15,0.313,round02
JS-28,0.121,0.135,0.292,0.208,0.245,round02
JS-29,0.078,0.262,0.179,0.168,0.313,round02
JS-30,0.325,0.108,0.228,0.216,0.122,round02
JS-31,0.099,0.211,0.229,0.182,0.278,round02
JS-32,0.066,0.268,0.226,0.167,0.272,round02
JS-33,0.065,0.081,0.193,0.349,0.312,round02
JS-34,0.087,0.237,0.211,0.19,0.275,round02
JS-35,0.242,0.167,0.19,0.19,0.211,round02
JS-36,0.153,0.118,0.274,0.184,0.271,round02
JS-01,0.088,0.106,0.592,0.094,0.12,round03
JS-02,0.087,0.108,0.605,0.091,0.109,round03
JS-03,0.088,0.105,0.583,0.097,0.127,round03
JS-04,0.086,0.109,0.585,0.091,0.129,round03
JS-05,0.087,0.104,0.587,0.097,0.125,round03
JS-06,0.089,0.104,0.584,0.099,0.124,round03
JS-07,0.091,0.103,0.554,0.1,0.152,round03
JS-08,0.099,0.1,0.558,0.119,0.124,round03
JS-09,0.094,0.1,0.563,0.108,0.134,round03
JS-10,0.095,0.099,0.551,0.111,0.145,round03
JS-11,0.102,0.099,0.549,0.119,0.13,round03
JS-12,0.096,0.101,0.575,0.108,0.119,round03
JS-13,0.094,0.1,0.573,0.108,0.125,round03
JS-14,0.091,0.103,0.584,0.102,0.12,round03
JS-15,0.094,0.099,0.559,0.108,0.14,round03
JS-16,0.096,0.099,0.57,0.111,0.124,round03
JS-17,0.093,0.101,0.57,0.108,0.128,round03
JS-18,0.091,0.105,0.596,0.097,0.111,round03
JS-19,0.094,0.102,0.573,0.106,0.126,round03
JS-20,0.094,0.103,0.591,0.102,0.11,round03
JS-21,0.094,0.102,0.584,0.106,0.113,round03
JS-22,0.096,0.097,0.502,0.113,0.191,round03
JS-23,0.095,0.102,0.582,0.105,0.116,round03
JS-24,0.095,0.105,0.594,0.101,0.105,round03
JS-25,0.093,0.102,0.584,0.105,0.115,round03
JS-26,0.096,0.102,0.578,0.109,0.115,round03
JS-27,0.093,0.102,0.586,0.102,0.118,round03
JS-28,0.094,0.1,0.585,0.106,0.115,round03
JS-29,0.091,0.104,0.595,0.098,0.112,round03
JS-30,0.096,0.098,0.559,0.116,0.131,round03
JS-31,0.093,0.103,0.6,0.097,0.108,round03
JS-32,0.097,0.106,0.596,0.101,0.1,round03
JS-33,0.097,0.101,0.578,0.111,0.112,round03
JS-34,0.092,0.105,0.599,0.097,0.107,round03
JS-35,0.096,0.107,0.599,0.099,0.099,round03
JS-36,0.093,0.104,0.597,0.099,0.107,round03
JS-01,0.181,0.033,0.382,0.354,0.048,round04
JS-02,0.131,0.04,0.522,0.272,0.036,round04
JS-03,0.14,0.038,0.504,0.282,0.036,round04
JS-04,0.174,0.047,0.395,0.3,0.083,round04
JS-05,0.138,0.041,0.518,0.266,0.037,round04
JS-06,0.143,0.04,0.506,0.27,0.04,round04
JS-07,0.143,0.039,0.494,0.283,0.041,round04
JS-08,0.147,0.051,0.517,0.246,0.038,round04
JS-09,0.142,0.04,0.512,0.276,0.03,round04
JS-10,0.173,0.035,0.412,0.343,0.037,round04
JS-11,0.138,0.043,0.516,0.275,0.028,round04
JS-12,0.135,0.04,0.516,0.273,0.036,round04
JS-13,0.137,0.04,0.524,0.267,0.032,round04
JS-14,0.146,0.04,0.482,0.301,0.031,round04
JS-15,0.136,0.045,0.541,0.243,0.035,round04
JS-16,0.128,0.041,0.548,0.252,0.031,round04
JS-17,0.143,0.045,0.523,0.257,0.033,round04
JS-18,0.151,0.036,0.463,0.318,0.032,round04
JS-19,0.169,0.047,0.468,0.278,0.039,round04
JS-20,0.136,0.039,0.514,0.28,0.03,round04
JS-21,0.154,0.037,0.472,0.306,0.031,round04
JS-22,0.216,0.033,0.301,0.33,0.12,round04
JS-23,0.134,0.044,0.549,0.241,0.031,round04
JS-24,0.129,0.044,0.541,0.256,0.03,round04
JS-25,0.139,0.042,0.522,0.267,0.031,round04
JS-26,0.143,0.038,0.493,0.293,0.033,round04
JS-27,0.148,0.048,0.512,0.257,0.035,round04
JS-28,0.156,0.04,0.481,0.292,0.031,round04
JS-29,0.163,0.055,0.477,0.25,0.056,round04
JS-30,0.229,0.041,0.344,0.335,0.051,round04
JS-31,0.183,0.06,0.429,0.27,0.059,round04
JS-32,0.161,0.039,0.451,0.317,0.032,round04
JS-33,0.164,0.036,0.426,0.336,0.038,round04
JS-34,0.194,0.046,0.417,0.3,0.044,round04
JS-35,0.136,0.039,0.499,0.291,0.035,round04
JS-36,0.17,0.038,0.427,0.332,0.032,round04
JS-01,0.087,0.027,0.598,0.253,0.035,round05
JS-02,0.107,0.027,0.599,0.235,0.032,round05
JS-03,0.121,0.028,0.576,0.24,0.034,round05
JS-04,0.112,0.025,0.577,0.255,0.032,round05
JS-05,0.116,0.029,0.607,0.212,0.035,round05
JS-06,0.095,0.025,0.585,0.262,0.033,round05
JS-07,0.118,0.027,0.579,0.243,0.032,round05
JS-08,0.139,0.038,0.547,0.195,0.081,round05
JS-09,0.146,0.035,0.558,0.219,0.043,round05
JS-10,0.195,0.029,0.454,0.291,0.032,round05
JS-11,0.107,0.037,0.628,0.172,0.057,round05
JS-12,0.102,0.031,0.629,0.203,0.035,round05
JS-13,0.132,0.031,0.587,0.21,0.04,round05
JS-14,0.125,0.029,0.566,0.248,0.032,round05
JS-15,0.143,0.032,0.572,0.211,0.042,round05
JS-16,0.103,0.025,0.604,0.237,0.032,round05
JS-17,0.146,0.028,0.554,0.236,0.036,round05
JS-18,0.129,0.028,0.56,0.251,0.032,round05
JS-19,0.156,0.03,0.529,0.247,0.039,round05
JS-20,0.1,0.034,0.655,0.158,0.055,round05
JS-21,0.134,0.027,0.549,0.258,0.032,round05
JS-22,0.325,0.024,0.263,0.361,0.026,round05
JS-23,0.13,0.031,0.58,0.223,0.036,round05
JS-24,0.112,0.024,0.559,0.273,0.031,round05
JS-25,0.132,0.03,0.574,0.227,0.036,round05
JS-26,0.126,0.029,0.56,0.253,0.032,round05
JS-27,0.123,0.035,0.607,0.187,0.048,round05
JS-28,0.093,0.03,0.607,0.234,0.036,round05
JS-29,0.179,0.035,0.497,0.242,0.047,round05
JS-30,0.143,0.031,0.548,0.239,0.038,round05
JS-31,0.194,0.037,0.477,0.246,0.047,round05
JS-32,0.195,0.029,0.45,0.293,0.032,round05
JS-33,0.146,0.028,0.525,0.27,0.032,round05
JS-34,0.201,0.034,0.464,0.26,0.042,round05
JS-35,0.128,0.027,0.559,0.253,0.033,round05
JS-36,0.172,0.028,0.498,0.27,0.033,round05
JS-01,0.035,0.3,0.406,0.237,0.023,round06
JS-02,0.041,0.27,0.408,0.265,0.016,round06
JS-03,0.039,0.168,0.541,0.234,0.018,round06
JS-04,0.041,0.294,0.367,0.283,0.015,round06
JS-05,0.039,0.205,0.521,0.208,0.027,round06
JS-06,0.04,0.324,0.332,0.291,0.013,round06
JS-07,0.049,0.183,0.485,0.266,0.016,round06
JS-08,0.135,0.182,0.31,0.22,0.153,round06
JS-09,0.07,0.113,0.544,0.239,0.034,round06
JS-10,0.127,0.143,0.243,0.474,0.014,round06
JS-11,0.049,0.173,0.546,0.187,0.045,round06
JS-12,0.066,0.114,0.508,0.296,0.016,round06
JS-13,0.094,0.097,0.481,0.309,0.019,round06
JS-14,0.042,0.413,0.214,0.318,0.013,round06
JS-15,0.098,0.108,0.459,0.313,0.022,round06
JS-16,0.032,0.46,0.185,0.311,0.012,round06
JS-17,0.079,0.141,0.429,0.337,0.014,round06
JS-18,0.062,0.119,0.524,0.28,0.014,round06
JS-19,0.06,0.102,0.587,0.228,0.023,round06
JS-20,0.045,0.152,0.526,0.261,0.016,round06
JS-21,0.067,0.112,0.532,0.274,0.015,round06
JS-22,0.545,0.063,0.141,0.232,0.019,round06
JS-23,0.052,0.109,0.581,0.233,0.025,round06
JS-24,0.053,0.319,0.299,0.314,0.015,round06
JS-25,0.064,0.092,0.571,0.258,0.015,round06
JS-26,0.05,0.136,0.536,0.264,0.014,round06
JS-27,0.061,0.122,0.557,0.219,0.041,round06
JS-28,0.1,0.117,0.455,0.299,0.029,round06
JS-29,0.046,0.124,0.597,0.206,0.027,round06
JS-30,0.217,0.111,0.3,0.316,0.057,round06
JS-31,0.049,0.105,0.585,0.244,0.017,round06
JS-32,0.062,0.105,0.524,0.293,0.016,round06
JS-33,0.061,0.297,0.302,0.324,0.015,round06
JS-34,0.052,0.168,0.496,0.268,0.016,round06
JS-35,0.115,0.156,0.285,0.429,0.014,round06
JS-36,0.098,0.114,0.444,0.324,0.019,round06
JS-01,0.184,0.057,0.355,0.171,0.233,round07
JS-02,0.17,0.058,0.352,0.15,0.271,round07
JS-03,0.172,0.057,0.353,0.156,0.261,round07
JS-04,0.178,0.052,0.337,0.17,0.262,round07
JS-05,0.175,0.056,0.352,0.157,0.26,round07
JS-06,0.178,0.051,0.336,0.165,0.271,round07
JS-07,0.18,0.054,0.355,0.165,0.246,round07
JS-08,0.269,0.083,0.341,0.207,0.1,round07
JS-09,0.224,0.067,0.374,0.19,0.144,round07
JS-10,0.179,0.047,0.325,0.165,0.282,round07
JS-11,0.234,0.072,0.375,0.19,0.128,round07
JS-12,0.184,0.055,0.352,0.171,0.238,round07
JS-13,0.21,0.057,0.359,0.193,0.182,round07
JS-14,0.195,0.045,0.313,0.178,0.269,round07
JS-15,0.204,0.054,0.342,0.21,0.19,round07
JS-16,0.191,0.047,0.318,0.177,0.267,round07
JS-17,0.201,0.054,0.343,0.21,0.191,round07
JS-18,0.192,0.045,0.313,0.174,0.276,round07
JS-19,0.205,0.053,0.345,0.209,0.188,round07
JS-20,0.186,0.05,0.329,0.178,0.258,round07
JS-21,0.196,0.049,0.33,0.197,0.228,round07
JS-22,0.203,0.044,0.306,0.181,0.266,round07
JS-23,0.193,0.048,0.324,0.183,0.253,round07
JS-24,0.205,0.053,0.344,0.212,0.185,round07
JS-25,0.193,0.049,0.327,0.184,0.247,round07
JS-26,0.196,0.048,0.33,0.204,0.222,round07
JS-27,0.21,0.056,0.347,0.2,0.187,round07
JS-28,0.233,0.059,0.358,0.195,0.154,round07
JS-29,0.209,0.054,0.343,0.213,0.181,round07
JS-30,0.276,0.055,0.314,0.254,0.1,round07
JS-31,0.209,0.052,0.333,0.225,0.181,round07
JS-32,0.217,0.055,0.334,0.228,0.165,round07
JS-33,0.19,0.074,0.395,0.163,0.178,round07
JS-34,0.214,0.055,0.345,0.218,0.168,round07
JS-35,0.265,0.091,0.358,0.186,0.101,round07
JS-36,0.212,0.053,0.336,0.231,0.169,round07
JS-01,0.042,0.039,0.529,0.211,0.179,round08
JS-02,0.042,0.039,0.532,0.208,0.178,round08
JS-03,0.043,0.038,0.535,0.213,0.17,round08
JS-04,0.042,0.039,0.522,0.208,0.19,round08
JS-05,0.043,0.038,0.524,0.222,0.172,round08
JS-06,0.047,0.038,0.54,0.225,0.15,round08
JS-07,0.045,0.038,0.527,0.229,0.161,round08
JS-08,0.053,0.044,0.574,0.201,0.129,round08
JS-09,0.048,0.039,0.567,0.213,0.133,round08
JS-10,0.044,0.037,0.536,0.227,0.156,round08
JS-11,0.054,0.039,0.556,0.228,0.123,round08
JS-12,0.044,0.037,0.506,0.24,0.173,round08
JS-13,0.048,0.038,0.549,0.226,0.14,round08
JS-14,0.047,0.038,0.561,0.222,0.132,round08
JS-15,0.05,0.04,0.569,0.208,0.133,round08
JS-16,0.052,0.037,0.549,0.237,0.124,round08
JS-17,0.049,0.039,0.567,0.212,0.134,round08
JS-18,0.045,0.037,0.538,0.226,0.153,round08
JS-19,0.047,0.037,0.525,0.242,0.148,round08
JS-20,0.048,0.036,0.511,0.262,0.142,round08
JS-21,0.048,0.037,0.524,0.252,0.139,round08
JS-22,0.047,0.036,0.48,0.278,0.159,round08
JS-23,0.049,0.037,0.523,0.253,0.139,round08
JS-24,0.048,0.038,0.551,0.227,0.135,round08
JS-25,0.048,0.036,0.51,0.258,0.148,round08
JS-26,0.047,0.036,0.471,0.297,0.149,round08
JS-27,0.049,0.037,0.522,0.251,0.14,round08
JS-28,0.051,0.038,0.544,0.236,0.131,round08
JS-29,0.047,0.037,0.511,0.252,0.153,round08
JS-30,0.052,0.036,0.485,0.297,0.13,round08
JS-31,0.047,0.036,0.523,0.246,0.148,round08
JS-32,0.055,0.038,0.515,0.276,0.117,round08
JS-33,0.052,0.036,0.482,0.3,0.131,round08
JS-34,0.047,0.037,0.511,0.258,0.147,round08
JS-35,0.056,0.037,0.536,0.249,0.122,round08
JS-36,0.051,0.037,0.511,0.262,0.14,round08
JS-01,0.218,0.045,0.644,0.075,0.018,round09
JS-02,0.242,0.041,0.602,0.094,0.021,round09
JS-03,0.297,0.046,0.525,0.111,0.02,round09
JS-04,0.25,0.041,0.596,0.094,0.02,round09
JS-05,0.246,0.067,0.572,0.089,0.026,round09
JS-06,0.236,0.044,0.621,0.082,0.018,round09
JS-07,0.301,0.05,0.52,0.106,0.023,round09
JS-08,0.29,0.128,0.357,0.132,0.092,round09
JS-09,0.276,0.102,0.444,0.115,0.064,round09
JS-10,0.376,0.055,0.371,0.17,0.027,round09
JS-11,0.378,0.075,0.378,0.129,0.04,round09
JS-12,0.271,0.043,0.564,0.102,0.02,round09
JS-13,0.338,0.058,0.45,0.127,0.027,round09
JS-14,0.342,0.048,0.457,0.129,0.024,round09
JS-15,0.345,0.05,0.454,0.128,0.024,round09
JS-16,0.347,0.049,0.446,0.137,0.022,round09
JS-17,0.361,0.053,0.405,0.154,0.027,round09
JS-18,0.337,0.057,0.359,0.217,0.03,round09
JS-19,0.363,0.052,0.404,0.155,0.025,round09
JS-20,0.361,0.05,0.426,0.138,0.025,round09
JS-21,0.35,0.054,0.367,0.201,0.029,round09
JS-22,0.27,0.146,0.263,0.152,0.169,round09
JS-23,0.347,0.048,0.416,0.164,0.025,round09
JS-24,0.269,0.041,0.563,0.106,0.02,round09
JS-25,0.337,0.05,0.449,0.142,0.023,round09
JS-26,0.265,0.042,0.555,0.116,0.022,round09
JS-27,0.394,0.076,0.353,0.136,0.041,round09
JS-28,0.221,0.044,0.644,0.073,0.018,round09
JS-29,0.344,0.057,0.457,0.115,0.027,round09
JS-30,0.312,0.118,0.28,0.197,0.093,round09
JS-31,0.364,0.058,0.424,0.128,0.027,round09
JS-32,0.379,0.067,0.379,0.14,0.035,round09
JS-33,0.334,0.059,0.342,0.234,0.032,round09
JS-34,0.385,0.058,0.394,0.133,0.03,round09
JS-35,0.351,0.054,0.427,0.141,0.027,round09
JS-36,0.351,0.064,0.355,0.192,0.037,round09
JS-01,0.11,0.036,0.402,0.225,0.228,round10
JS-02,0.149,0.05,0.316,0.311,0.174,round10
JS-03,0.115,0.057,0.362,0.269,0.198,round10
JS-04,0.093,0.034,0.394,0.235,0.245,round10
JS-05,0.141,0.036,0.343,0.288,0.191,round10
JS-06,0.112,0.035,0.375,0.256,0.221,round10
JS-07,0.135,0.035,0.341,0.288,0.2,round10
JS-08,0.082,0.222,0.383,0.2,0.114,round10
JS-09,0.103,0.114,0.362,0.248,0.172,round10
JS-10,0.074,0.028,0.295,0.337,0.266,round10
JS-11,0.086,0.125,0.414,0.195,0.18,round10
JS-12,0.134,0.039,0.409,0.219,0.198,round10
JS-13,0.091,0.081,0.423,0.199,0.206,round10
JS-14,0.126,0.039,0.406,0.223,0.206,round10
JS-15,0.086,0.052,0.428,0.204,0.231,round10
JS-16,0.08,0.064,0.428,0.199,0.23,round10
JS-17,0.082,0.059,0.423,0.206,0.229,round10
JS-18,0.125,0.035,0.359,0.272,0.209,round10
JS-19,0.116,0.051,0.375,0.255,0.203,round10
JS-20,0.227,0.032,0.253,0.375,0.113,round10
JS-21,0.163,0.036,0.31,0.32,0.171,round10
JS-22,0.313,0.027,0.14,0.479,0.041,round10
JS-23,0.174,0.038,0.311,0.32,0.157,round10
JS-24,0.12,0.04,0.4,0.231,0.208,round10
JS-25,0.175,0.038,0.316,0.312,0.159,round10
JS-26,0.158,0.047,0.322,0.305,0.168,round10
JS-27,0.141,0.047,0.335,0.295,0.183,round10
JS-28,0.186,0.038,0.288,0.341,0.147,round10
JS-29,0.111,0.071,0.363,0.263,0.193,round10
JS-30,0.217,0.102,0.225,0.382,0.073,round10
JS-31,0.16,0.055,0.315,0.312,0.158,round10
JS-32,0.196,0.036,0.284,0.343,0.141,round10
JS-33,0.094,0.028,0.256,0.383,0.239,round10
JS-34,0.177,0.053,0.299,0.329,0.143,round10
JS-35,0.195,0.036,0.283,0.344,0.143,round10
JS-36,0.215,0.036,0.262,0.363,0.124,round10
JS-01,0.066,0.232,0.326,0.307,0.069,round11
JS-02,0.095,0.109,0.39,0.326,0.08,round11
JS-03,0.082,0.109,0.406,0.334,0.07,round11
JS-04,0.061,0.264,0.293,0.306,0.076,round11
JS-05,0.074,0.199,0.328,0.335,0.064,round11
JS-06,0.074,0.193,0.341,0.328,0.063,round11
JS-07,0.074,0.185,0.33,0.349,0.062,round11
JS-08,0.099,0.094,0.279,0.343,0.185,round11
JS-09,0.103,0.096,0.319,0.373,0.109,round11
JS-10,0.1,0.139,0.298,0.405,0.058,round11
JS-11,0.085,0.138,0.358,0.295,0.124,round11
JS-12,0.084,0.117,0.392,0.343,0.064,round11
JS-13,0.096,0.133,0.345,0.332,0.094,round11
JS-14,0.09,0.125,0.373,0.348,0.064,round11
JS-15,0.087,0.125,0.388,0.304,0.095,round11
JS-16,0.098,0.096,0.392,0.341,0.074,round11
JS-17,0.093,0.087,0.413,0.342,0.065,round11
JS-18,0.078,0.203,0.311,0.343,0.065,round11
JS-19,0.069,0.119,0.444,0.301,0.067,round11
JS-20,0.097,0.125,0.327,0.388,0.063,round11
JS-21,0.079,0.156,0.348,0.355,0.062,round11
JS-22,0.154,0.076,0.183,0.539,0.047,round11
JS-23,0.072,0.14,0.411,0.314,0.064,round11
JS-24,0.076,0.151,0.383,0.328,0.063,round11
JS-25,0.073,0.109,0.452,0.296,0.07,round11
JS-26,0.094,0.104,0.39,0.348,0.064,round11
JS-27,0.079,0.128,0.405,0.305,0.081,round11
JS-28,0.094,0.116,0.331,0.401,0.057,round11
JS-29,0.071,0.108,0.455,0.297,0.069,round11
JS-30,0.114,0.115,0.329,0.37,0.073,round11
JS-31,0.075,0.109,0.444,0.305,0.068,round11
JS-32,0.156,0.093,0.239,0.45,0.061,round11
JS-33,0.107,0.112,0.319,0.394,0.068,round11
JS-34,0.074,0.12,0.427,0.311,0.068,round11
JS-35,0.081,0.11,0.402,0.339,0.067,round11
JS-36,0.112,0.106,0.272,0.454,0.055,round11
JS-01,0.147,0.229,0.35,0.221,0.053,round12
JS-02,0.151,0.219,0.347,0.227,0.055,round12
JS-03,0.15,0.22,0.347,0.227,0.055,round12
JS-04,0.145,0.235,0.351,0.217,0.052,round12
JS-05,0.151,0.221,0.349,0.224,0.054,round12
JS-06,0.152,0.221,0.347,0.227,0.054,round12
JS-07,0.153,0.217,0.35,0.228,0.052,round12
JS-08,0.158,0.216,0.34,0.236,0.05,round12
JS-09,0.154,0.215,0.35,0.229,0.052,round12
JS-10,0.151,0.217,0.347,0.231,0.055,round12
JS-11,0.157,0.216,0.345,0.232,0.051,round12
JS-12,0.157,0.211,0.342,0.236,0.054,round12
JS-13,0.156,0.215,0.345,0.232,0.052,round12
JS-14,0.15,0.226,0.352,0.221,0.051,round12
JS-15,0.153,0.219,0.351,0.226,0.05,round12
JS-16,0.153,0.221,0.35,0.226,0.05,round12
JS-17,0.154,0.221,0.35,0.226,0.049,round12
JS-18,0.147,0.226,0.34,0.226,0.061,round12
JS-19,0.153,0.214,0.343,0.235,0.055,round12
JS-20,0.153,0.21,0.339,0.236,0.062,round12
JS-21,0.153,0.21,0.338,0.237,0.061,round12
JS-22,0.157,0.204,0.337,0.24,0.063,round12
JS-23,0.154,0.21,0.338,0.237,0.061,round12
JS-24,0.15,0.218,0.346,0.228,0.057,round12
JS-25,0.153,0.213,0.346,0.232,0.056,round12
JS-26,0.155,0.208,0.345,0.236,0.057,round12
JS-27,0.154,0.209,0.339,0.238,0.059,round12
JS-28,0.153,0.211,0.339,0.237,0.06,round12
JS-29,0.153,0.213,0.34,0.234,0.06,round12
JS-30,0.159,0.202,0.33,0.245,0.063,round12
JS-31,0.153,0.21,0.341,0.235,0.062,round12
JS-32,0.159,0.205,0.333,0.247,0.056,round12
JS-33,0.155,0.209,0.34,0.239,0.057,round12
JS-34,0.154,0.212,0.342,0.234,0.058,round12
JS-35,0.156,0.208,0.342,0.237,0.057,round12
JS-36,0.154,0.209,0.343,0.235,0.059,round12
JS-01,0.121,0.041,0.499,0.306,0.033,round13
JS-02,0.108,0.049,0.511,0.289,0.044,round13
JS-03,0.099,0.048,0.523,0.287,0.043,round13
JS-04,0.095,0.045,0.547,0.268,0.045,round13
JS-05,0.102,0.053,0.529,0.273,0.043,round13
JS-06,0.092,0.041,0.519,0.296,0.052,round13
JS-07,0.104,0.058,0.529,0.269,0.04,round13
JS-08,0.124,0.042,0.479,0.319,0.037,round13
JS-09,0.159,0.045,0.438,0.327,0.031,round13
JS-10,0.084,0.04,0.529,0.291,0.055,round13
JS-11,0.151,0.048,0.453,0.316,0.032,round13
JS-12,0.152,0.046,0.447,0.32,0.035,round13
JS-13,0.134,0.063,0.506,0.259,0.039,round13
JS-14,0.121,0.041,0.484,0.313,0.04,round13
JS-15,0.157,0.052,0.46,0.298,0.034,round13
JS-16,0.163,0.042,0.407,0.356,0.032,round13
JS-17,0.148,0.055,0.477,0.287,0.033,round13
JS-18,0.106,0.037,0.477,0.336,0.045,round13
JS-19,0.159,0.049,0.438,0.325,0.029,round13
JS-20,0.154,0.051,0.45,0.312,0.033,round13
JS-21,0.15,0.045,0.43,0.342,0.033,round13
JS-22,0.151,0.041,0.419,0.357,0.032,round13
JS-23,0.148,0.05,0.473,0.297,0.032,round13
JS-24,0.121,0.048,0.481,0.313,0.038,round13
JS-25,0.138,0.054,0.5,0.27,0.038,round13
JS-26,0.142,0.037,0.402,0.385,0.035,round13
JS-27,0.187,0.048,0.386,0.352,0.027,round13
JS-28,0.138,0.041,0.441,0.346,0.035,round13
JS-29,0.161,0.052,0.452,0.301,0.034,round13
JS-30,0.149,0.046,0.438,0.334,0.032,round13
JS-31,0.161,0.05,0.454,0.302,0.033,round13
JS-32,0.133,0.05,0.482,0.296,0.039,round13
JS-33,0.114,0.059,0.522,0.266,0.039,round13
JS-34,0.174,0.053,0.45,0.291,0.032,round13
JS-35,0.135,0.048,0.472,0.308,0.037,round13
JS-36,0.16,0.045,0.437,0.327,0.031,round13
JS-01,0.125,0.037,0.51,0.302,0.027,round14
JS-02,0.094,0.041,0.567,0.256,0.042,round14
JS-03,0.102,0.044,0.534,0.281,0.038,round14
JS-04,0.094,0.048,0.573,0.247,0.038,round14
JS-05,0.109,0.044,0.535,0.277,0.035,round14
JS-06,0.124,0.042,0.513,0.287,0.034,round14
JS-07,0.113,0.041,0.525,0.284,0.037,round14
JS-08,0.171,0.05,0.478,0.269,0.031,round14
JS-09,0.159,0.049,0.474,0.288,0.031,round14
JS-10,0.127,0.039,0.466,0.332,0.036,round14
JS-11,0.161,0.042,0.443,0.323,0.031,round14
JS-12,0.129,0.038,0.483,0.316,0.035,round14
JS-13,0.155,0.04,0.448,0.326,0.032,round14
JS-14,0.133,0.042,0.488,0.304,0.032,round14
JS-15,0.159,0.044,0.458,0.309,0.03,round14
JS-16,0.147,0.04,0.428,0.356,0.029,round14
JS-17,0.146,0.043,0.467,0.31,0.033,round14
JS-18,0.084,0.04,0.577,0.255,0.044,round14
JS-19,0.147,0.046,0.476,0.3,0.031,round14
JS-20,0.165,0.039,0.439,0.328,0.029,round14
JS-21,0.15,0.045,0.458,0.316,0.031,round14
JS-22,0.179,0.034,0.361,0.401,0.026,round14
JS-23,0.146,0.047,0.48,0.298,0.03,round14
JS-24,0.11,0.064,0.58,0.206,0.04,round14
JS-25,0.146,0.048,0.493,0.28,0.033,round14
JS-26,0.177,0.036,0.382,0.38,0.025,round14
JS-27,0.15,0.046,0.48,0.294,0.03,round14
JS-28,0.135,0.042,0.486,0.305,0.032,round14
JS-29,0.147,0.047,0.46,0.315,0.03,round14
JS-30,0.159,0.037,0.411,0.364,0.029,round14
JS-31,0.14,0.047,0.502,0.281,0.03,round14
JS-32,0.163,0.039,0.417,0.356,0.025,round14
JS-33,0.173,0.035,0.365,0.401,0.026,round14
JS-34,0.165,0.04,0.421,0.345,0.03,round14
JS-35,0.153,0.044,0.471,0.301,0.031,round14
JS-36,0.165,0.042,0.442,0.321,0.029,round14
